# data format:
# time voltage
# (msecs) (mvolts)
813 0
896 809
975 1277
1055 1561
1135 1754
1215 1900
1295 2029
1375 2138
1455 2248
1535 2348
1615 2445
1695 2529
1775 2622
1855 2703
1935 2783
2017 2848
2098 2912
2178 2970
2258 3032
2338 3080
2418 3132
2498 3170
2578 3209
2658 3235
2738 3261
2818 3274
2898 3287
2978 3287
3058 3287
3140 3270
3221 3258
3301 3232
3381 3203
3461 3164
3541 3125
3621 3070
3701 3025
3781 2964
3861 2903
3941 2832
4021 2764
4101 2680
4181 2603
4261 2516
4341 2435
4421 2338
4501 2251
4581 2154
4658 2019
4738 1919
4818 1825
4898 1722
4978 1622
5058 1525
5138 1432
5218 1335
5300 1245
5381 1129
5461 1029
5541 929
5621 835
5701 751
5781 664
5861 580
5941 509
6021 432
6101 361
6181 303
6261 248
6341 193
6423 154
6505 109
6585 77
6665 45
6745 25
6825 9
6905 0
6985 0
7065 3
7145 9
7225 25
7305 48
7385 77
7465 109
7547 167
7628 212
7709 261
7788 319
7868 390
7948 454
8028 525
8108 606
8188 683
8268 767
8348 854
8428 941
8508 1029
8588 1122
8668 1219
8748 1312
8828 1406
8908 1512
8988 1625
9068 1729
9203 1906
9335 1996
9415 2080
9495 2164
9575 2267
9655 2358
9737 2467
9818 2516
9898 2593
9978 2677
10058 2758
10138 2835
10218 2909
10298 2967
10378 3032
10458 3080
10538 3132
10618 3170
10698 3209
10780 3235
10861 3264
10941 3274
11021 3287
11101 3287
11181 3287
11261 3270
11341 3258
11422 3232
11501 3206
11581 3164
11661 3125
11741 3074
11821 3029
11902 2967
11981 2903
12061 2835
12141 2767
12221 2683
12301 2609
12381 2522
12461 2441
12541 2345
12621 2258
12701 2161
12781 2070
12861 1970
12943 1832
13025 1703
13101 1651
13181 1541
13261 1438
13341 1325
13421 1222
13501 1125
13581 1025
13661 929
13741 835
13821 748
13901 661
13981 577
14063 529
14145 445
14225 374
14305 312
14385 254
14466 196
14545 151
14625 109
14705 77
14785 45
14866 25
14945 9
15025 0
15105 0
15187 3
15268 12
15348 29
15428 51
15509 83
15588 119
15668 164
15749 209
15829 258
15909 312
15989 380
16068 448
16148 522
16228 600
16308 677
16388 754
16468 841
16548 932
16628 1022
16708 1112
16788 1209
16868 1309
16948 1412
17028 1525
17108 1638
17196 1732
17275 1822
17357 1954
17438 2077
17518 2170
17598 2274
17678 2367
17758 2464
17838 2545
17918 2638
17998 2716
18078 2790
18158 2851
18238 2916
18318 2964
18398 3025
18480 3080
18561 3135
18641 3174
18721 3212
18801 3235
18881 3261
18961 3274
19041 3287
19121 3287
19201 3287
19281 3274
19361 3261
19441 3235
19521 3209
19601 3167
19681 3119
19761 3067
19841 3022
19921 2961
20002 2900
20082 2829
20161 2758
20241 2674
20321 2596
20401 2509
20481 2425
20561 2329
20643 2261
20725 2161
20805 2054
20892 1954
20971 1867
21051 1764
21131 1654
21211 1548
21291 1445
21371 1335
21451 1232
21531 1129
21611 1029
21691 929
21773 819
21856 777
21935 677
22016 600
22095 529
22175 448
22255 377
22335 312
22415 254
22495 200
22575 154
22655 109
22735 77
22815 45
22895 25
22975 9
23055 0
23135 0
23215 3
23295 9
23375 25
23455 48
23535 77
23616 109
23695 151
23775 196
23855 245
23937 322
24018 390
24099 448
24179 519
24258 606
24338 683
24418 767
24498 851
24578 941
24658 1029
24738 1122
24818 1219
24898 1312
24978 1409
25068 1541
25149 1667
25228 1748
25308 1854
25388 1958
25469 2077
25548 2164
25628 2267
25709 2370
25788 2458
25868 2541
25948 2632
26028 2712
26109 2777
26189 2835
26268 2929
26348 2980
26428 3035
26508 3080
26588 3132
26668 3170
26749 3206
26828 3235
26908 3261
26989 3270
27068 3287
27149 3283
27230 3287
27311 3274
27392 3261
27471 3235
27552 3203
27631 3174
27712 3119
27792 3067
27872 3022
27952 2961
28031 2893
28111 2822
28192 2758
28272 2674
28353 2606
28435 2529
28515 2448
28595 2351
28675 2267
28762 2151
28841 2048
28921 1948
29001 1861
29081 1761
29161 1664
29241 1561
29321 1454
29401 1345
29481 1238
29561 1135
29641 1035
29721 935
29801 838
29881 751
29961 667
30041 583
30121 509
30201 435
30281 364
30361 303
30441 248
30523 203
30605 154
30685 112
30765 77
30845 48
30925 25
31005 9
31085 0
31165 0
31245 3
31325 12
31405 29
31485 48
31565 77
31647 109
31728 164
31808 212
31888 264
31968 322
32048 390
32128 458
32208 529
32288 609
32368 690
32448 770
32528 858
32608 951
32688 1041
32770 1109
32851 1241
32928 1322
33008 1419
33088 1516
33168 1616
33248 1719
33328 1829
33408 1932
33488 2045
33568 2141
33648 2248
33728 2345
33808 2445
33888 2529
33968 2619
34048 2703
34128 2780
34208 2851
34288 2925
34368 2980
34448 3041
34528 3090
34608 3138
34688 3177
34768 3212
34848 3238
34930 3261
35011 3274
35091 3287
35171 3287
35251 3287
35331 3274
35411 3261
35491 3235
35571 3209
35651 3170
35731 3132
35811 3083
35891 3038
35971 2980
36053 2890
36135 2829
36215 2761
36295 2674
36375 2600
36455 2512
36535 2432
36622 2316
36701 2222
36781 2125
36861 2029
36941 1929
37021 1835
37101 1732
37181 1632
37261 1538
37341 1448
37421 1348
37502 1248
37581 1158
37661 1051
37741 951
37821 854
37901 764
37981 674
38061 590
38141 516
38223 429
38305 358
38385 300
38466 258
38545 196
38625 158
38705 112
38785 77
38865 48
38945 25
39025 9
39105 0
39185 0
39265 3
39347 12
39429 25
39509 48
39588 77
39668 109
39748 151
39828 196
39908 245
39988 309
40069 393
40148 464
40229 535
40308 619
40389 693
40470 767
40551 848
40631 935
40719 1038
40798 1141
40878 1241
40958 1338
41038 1432
41118 1525
41198 1629
41278 1716
41358 1819
41438 1925
41520 2061
41602 2180
41681 2274
41761 2367
41841 2464
41921 2548
42001 2635
42082 2687
42161 2783
42241 2848
42321 2912
42401 2964
42481 3025
42562 3077
42643 3132
42725 3174
42805 3212
42885 3238
42965 3264
43045 3274
43125 3287
43205 3287
43285 3287
43365 3274
43445 3261
43525 3235
43605 3212
43685 3167
43767 3122
43848 3074
43928 3032
44008 2970
44088 2909
44169 2845
44249 2777
44329 2696
44409 2622
44497 2525
44578 2448
44658 2341
44738 2248
44820 2109
44901 2032
44981 1932
45061 1841
45141 1738
45221 1641
45301 1548
45381 1454
45461 1358
45541 1258
45621 1151
45702 1035
45781 948
45861 851
45943 745
46025 654
46105 574
46186 506
46265 425
46345 358
46425 300
46505 248
46586 203
46666 154
46745 112
46825 77
46905 48
46985 25
47067 9
47148 0
47228 0
47308 3
47388 9
47468 25
47548 48
47629 80
47708 109
47789 167
47868 200
47948 258
48029 322
48108 396
48189 458
48269 532
48349 609
48429 690
48509 774
48597 877
48678 958
48759 1035
48838 1135
48918 1232
48998 1329
49078 1422
49158 1519
49240 1645
49321 1764
49401 1870
49481 1970
49561 2080
49641 2174
49721 2280
49801 2370
49881 2467
49961 2548
50041 2635
50121 2706
50201 2774
50281 2841
50363 2912
50445 2977
50526 3035
50605 3087
50685 3135
50766 3174
50846 3209
50925 3238
51005 3261
51085 3274
51165 3287
51245 3287
51326 3283
51405 3274
51485 3261
51565 3235
51645 3200
51726 3161
51805 3122
51885 3070
51965 3025
52045 2961
52125 2900
52205 2829
52285 2758
52373 2667
52455 2603
52537 2535
52618 2441
52698 2332
52778 2235
52859 2109
52938 2032
53018 1922
53098 1825
53178 1712
53258 1603
53338 1503
53418 1403
53498 1303
53578 1206
53660 1158
53742 1032
53821 941
53901 848
53981 758
54061 670
54141 583
54221 512
54301 435
54381 367
54461 306
54541 251
54621 196
54701 151
54781 109
54861 77
54941 48
55021 25
55101 9
55181 0
55261 0
55341 3
55422 12
55501 29
55582 51
55661 83
55741 119
55823 161
55906 203
55985 251
56065 306
56145 370
56225 432
56306 506
56386 593
56472 667
56552 741
56631 835
56712 922
56792 1025
56872 1129
56953 1261
57035 1374
57115 1470
57195 1570
57275 1674
57355 1764
57435 1864
57515 1958
57595 2058
57675 2141
57755 2235
57835 2319
57915 2416
57996 2509
58075 2600
58155 2683
58235 2764
58315 2838
58396 2916
58476 2974
58555 3032
58636 3083
58716 3135
58795 3174
58876 3209
58955 3235
59036 3261
59117 3274
59198 3287
59278 3287
59359 3283
59438 3274
59519 3258
59598 3232
59679 3206
59758 3167
59838 3129
59919 3074
59999 3032
60078 2970
60159 2909
60248 2838
60328 2777
60408 2696
60488 2622
60568 2538
60648 2458
60728 2351
60808 2251
60888 2145
60968 2038
61048 1929
61128 1832
61208 1722
61288 1616
61368 1512
61448 1412
61528 1306
61608 1203
61688 1103
61768 1006
61848 912
61928 829
62008 748
62088 670
62168 593
62248 529
62328 451
62410 370
62491 303
62571 251
62651 196
62731 151
62811 109
62891 77
62971 48
63051 25
63131 9
63211 0
63291 0
63371 0
63451 9
63533 29
63615 51
63695 80
63775 116
63855 158
63935 203
64015 251
64095 306
64175 370
64262 445
64341 519
64421 600
64501 674
64581 754
64663 825
64745 958
64825 1058
64905 1158
64985 1267
65065 1374
65145 1474
65226 1561
65306 1667
65386 1758
65466 1858
65546 1948
65626 2041
65706 2129
65786 2222
65866 2319
65946 2419
66026 2506
66106 2600
66186 2683
66266 2764
66346 2838
66426 2912
66506 2970
66586 3032
66666 3083
66746 3135
66827 3174
66909 3209
66989 3235
67069 3261
67149 3270
67229 3283
67309 3283
67389 3283
67469 3270
67549 3258
67629 3229
67709 3206
67789 3164
67869 3125
67950 3077
68032 3038
68108 2967
68189 2909
68269 2838
68349 2774
68429 2690
68509 2619
68589 2532
68669 2451
68749 2358
68829 2270
68909 2158
68989 2054
69071 1900
69152 1825
69232 1722
69312 1622
69392 1529
69472 1435
69552 1335
69632 1241
69712 1151
69792 1058
69872 958
69952 861
70032 770
70112 680
70192 593
70272 519
70352 438
70432 367
70512 306
70592 251
70672 196
70752 151
70832 109
70912 77
70992 48
71072 25
71152 9
71233 0
71316 0
71396 3
71476 12
71556 29
71636 51
71716 83
71796 116
71876 161
71956 206
72036 258
72123 319
72206 377
72286 435
72368 525
72449 619
72529 696
72609 780
72689 870
72769 964
72849 1058
72929 1151
73009 1251
73089 1345
73169 1441
73249 1541
73329 1638
73409 1725
73489 1822
73569 1912
73649 2025
73729 2125
73809 2235
73889 2332
73969 2432
74049 2516
74129 2609
74209 2693
74289 2770
74369 2845
74449 2919
74531 2983
74612 3029
74692 3077
74772 3129
74852 3167
74932 3206
75012 3232
75092 3258
75172 3270
75252 3283
75332 3283
75412 3283
75492 3270
75572 3258
75655 3232
75736 3206
75835 3154
75939 3125
76019 3077
76099 3038
76179 2974
76259 2900
76339 2822
76419 2751
76499 2661
76579 2583
76659 2493
76741 2429
76822 2341
76902 2258
76982 2161
77062 2067
77142 1967
77222 1870
77302 1754
77382 1645
77462 1541
77542 1435
77622 1329
77702 1222
77782 1122
77865 1003
77946 935
78026 848
78106 770
78186 690
78266 603
78346 525
78426 445
78506 374
78586 312
78666 254
78746 200
78826 151
78908 106
78989 74
79069 45
79149 25
79229 9
79309 3
79389 0
79469 3
79549 12
79629 29
79709 51
79789 83
79869 119
79949 164
80027 216
80109 261
80189 319
80269 387
80349 451
80429 522
80509 603
80589 680
80669 758
80749 841
80829 932
80909 1022
80989 1112
81071 1241
81152 1367
81232 1467
81312 1577
81392 1687
81472 1780
81552 1880
81632 1977
81712 2074
81792 2164
81872 2261
81952 2345
82032 2435
82112 2506
82195 2609
82276 2696
82356 2774
82436 2848
82516 2922
82596 2977
82676 3038
82756 3087
82836 3135
82916 3174
82996 3212
83076 3235
83156 3261
83236 3270
83318 3287
83399 3283
83479 3283
83559 3270
83639 3258
83719 3232
83807 3203
83889 3167
83969 3132
84049 3080
84129 3038
84209 2980
84289 2919
84371 2819
84452 2761
84532 2677
84612 2603
84692 2516
84772 2432
84852 2335
84932 2251
85012 2151
85092 2061
85172 1958
85252 1870
85332 1767
85412 1658
85495 1516
85576 1406
85656 1300
85736 1200
85816 1103
85896 1006
85976 916
86056 832
86136 754
86216 674
86296 600
86376 529
86456 451
86536 377
86618 306
86699 248
86779 196
86859 151
86939 109
87019 77
87099 48
87179 25
87259 9
87339 3
87419 0
87499 3
87579 9
87659 32
87739 51
87827 77
87909 119
87989 164
88069 209
88149 261
88229 316
88309 383
88389 448
88469 519
88549 596
88629 670
88709 751
88790 829
88872 958
88952 1061
89032 1164
89112 1270
89192 1377
89272 1477
89352 1577
89432 1680
89512 1774
89592 1870
89672 1967
89752 2067
89832 2154
89915 2238
89996 2341
90076 2441
90156 2522
90236 2616
90316 2696
90396 2777
90476 2848
90556 2922
90636 2977
90716 3038
90796 3087
90876 3138
90956 3174
91036 3212
91116 3235
91196 3261
91276 3270
91356 3287
91436 3283
91516 3283
91596 3270
91683 3254
91766 3229
91846 3206
91926 3164
92006 3125
92087 3077
92169 3038
92249 2980
92329 2912
92409 2835
92489 2758
92569 2667
92649 2583
92729 2490
92809 2409
92889 2309
92969 2219
93049 2119
93129 2022
93210 1935
93292 1877
93372 1761
93452 1648
93532 1545
93612 1441
93692 1332
93772 1225
93852 1125
93932 1022
94012 929
94092 835
94172 748
94252 664
94332 577
94412 506
94492 429
94572 361
94652 300
94732 245
94812 193
94892 148
94972 112
95052 80
95132 48
95212 25
95292 9
95373 0
95456 0
95536 3
95612 9
95692 29
95772 51
95852 83
95932 116
96012 161
96092 206
96172 258
96252 309
96332 374
96412 438
96493 503
96576 619
96656 703
96736 787
96816 877
96896 970
96976 1067
97056 1161
97136 1261
97216 1358
97296 1454
97376 1554
97456 1658
97536 1748
97617 1825
97699 1948
97779 2054
97859 2154
97939 2258
98019 2351
98099 2451
98179 2532
98259 2625
98339 2706
98419 2783
98499 2854
98579 2929
98659 2983
98739 3041
98819 3090
98899 3135
98979 3167
99059 3206
99139 3232
99219 3258
99299 3270
99379 3287
99459 3283
99547 3283
99629 3270
99709 3258
99790 3232
99872 3209
99952 3170
100032 3129
100112 3064
100192 3019
100272 2958
100352 2893
100432 2822
100512 2754
100592 2667
100672 2593
100752 2503
100832 2419
100915 2345
100996 2267
101076 2167
101156 2061
101236 1948
101316 1851
101396 1735
101476 1625
101556 1522
101636 1425
101716 1319
101796 1216
101876 1116
101956 1016
102036 919
102116 825
102196 738
102276 654
102356 570
102436 500
102516 429
102596 367
102676 316
102756 261
102836 203
102916 154
102996 112
103086 74
103166 45
103246 25
103326 9
103406 0
103486 0
103566 3
103646 9
103726 29
103806 48
103886 77
103966 109
104046 151
104126 200
104208 267
104289 322
104369 390
104449 454
104529 529
104609 606
104689 687
104769 770
104849 854
104929 948
105009 1035
105089 1125
105169 1222
105249 1319
105329 1412
105409 1509
105489 1622
105569 1722
105649 1832
105729 1935
105809 2045
105889 2145
105969 2251
106049 2345
106129 2445
106209 2529
106289 2622
106371 2712
106452 2758
106532 2832
106612 2906
106692 2964
106780 3029
106862 3083
106942 3132
107022 3170
107102 3209
107182 3235
107262 3261
107342 3270
107422 3287
107505 3287
107586 3283
107666 3270
107746 3258
107826 3229
107906 3203
107986 3164
108066 3125
108146 3070
108226 3025
108306 2964
108386 2903
108466 2835
108546 2767
108626 2683
108706 2609
108786 2522
108866 2441
108946 2348
109026 2261
109106 2164
109186 2070
109266 1964
109346 1861
109426 1748
109506 1638
109586 1532
109668 1400
109749 1309
109829 1216
109909 1125
109989 1032
110069 945
110149 858
110237 748
110319 677
110399 590
110479 516
110559 438
110639 367
110719 306
110801 245
110882 193
110962 148
111042 106
111122 80
111202 48
111282 25
111362 9
111442 3
111522 0
111602 3
111682 12
111762 29
111842 51
111922 83
112002 116
112082 161
112162 206
112242 258
112322 312
112402 377
112482 438
112562 509
112642 587
112722 664
112802 745
112882 825
112965 961
113046 1067
113126 1164
113206 1267
113286 1364
113366 1458
113446 1558
113526 1664
113606 1754
113686 1851
113766 1945
113846 2041
113926 2125
114013 2251
114098 2354
114179 2458
114259 2541
114339 2632
114419 2709
114499 2787
114579 2858
114659 2929
114739 2980
114819 3032
114899 3077
114979 3129
115059 3167
115139 3206
115219 3232
115299 3258
115379 3270
115459 3283
115539 3283
115619 3283
115699 3270
115779 3258
115859 3232
115939 3206
116019 3167
116099 3129
116179 3077
116261 3038
116342 2954
116422 2890
116502 2819
116582 2751
116662 2664
116742 2590
116822 2500
116902 2419
116982 2319
117062 2232
117142 2132
117222 2038
117302 1935
117385 1877
117473 1751
117556 1609
117636 1512
117716 1416
117796 1306
117876 1206
117956 1109
118036 1009
118116 909
118196 819
118276 738
118356 658
118436 587
118516 522
118596 451
118676 380
118756 316
118836 258
118916 203
118996 154
119076 112
119156 77
119236 48
119316 25
119396 9
119476 0
119558 0
119639 3
119719 9
119799 25
119879 48
119959 87
120039 119
120119 164
120199 212
120279 264
120359 322
120439 390
120519 458
120599 529
120681 596
120762 664
120842 741
120922 825
121002 919
121082 1022
121162 1125
121250 1225
121332 1367
121412 1467
121492 1577
121572 1687
121652 1783
121732 1883
121812 1977
121892 2080
121972 2167
122052 2264
122132 2348
122212 2438
122292 2506
122372 2593
122452 2674
122532 2758
122612 2832
122692 2909
122772 2967
122853 3032
122936 3087
123016 3135
123096 3174
123176 3212
123256 3235
123336 3261
123416 3274
123496 3287
123576 3283
123656 3283
123736 3270
123816 3258
123896 3229
123977 3206
124059 3167
124139 3129
124219 3077
124299 3035
124379 2974
124459 2912
124539 2848
124627 2774
124709 2677
124789 2593
124869 2500
124949 2409
125029 2306
125110 2225
125192 2148
125272 2054
125352 1958
125432 1867
125512 1767
125592 1661
125672 1554
125752 1448
125832 1338
125912 1232
125992 1132
126072 1029
126152 929
126232 835
126312 751
126392 664
126472 580
126552 509
126632 432
126712 364
126792 303
126872 248
126952 193
127032 148
127112 106
127192 74
127273 48
127356 25
127436 9
127516 0
127596 0
127676 3
127756 9
127836 25
127916 48
127996 77
128076 109
128156 151
128236 196
128316 245
128406 319
128486 393
128566 464
128646 538
128726 619
128806 703
128886 783
128966 874
129046 967
129126 1061
129206 1154
129286 1254
129366 1354
129446 1448
129526 1548
129606 1651
129686 1735
129766 1829
129846 1925
129926 2022
130006 2122
130086 2229
130166 2325
130246 2425
130326 2512
130406 2606
130486 2690
130568 2780
130649 2854
130729 2929
130809 2983
130889 3041
130969 3080
131049 3129
131129 3167
131209 3206
131289 3232
131369 3261
131449 3270
131529 3283
131609 3283
131691 3283
131772 3270
131860 3258
131942 3232
132022 3209
132102 3164
132182 3119
132262 3067
132342 3022
132422 2961
132502 2896
132582 2825
132662 2758
132742 2670
132822 2596
132902 2509
132982 2429
133062 2329
133142 2241
133222 2141
133302 2048
133382 1948
133462 1858
133542 1758
133622 1661
133702 1564
133782 1461
133865 1322
133946 1209
134026 1112
134106 1012
134186 916
134266 825
134346 738
134426 651
134506 574
134586 512
134666 445
134746 383
134826 319
134906 261
134987 200
135069 151
135149 109
135229 77
135309 48
135397 25
135479 9
135559 3
135639 0
135719 0
135799 12
135879 29
135959 51
136039 83
136119 119
136199 164
136279 212
136359 261
136439 319
136519 387
136599 451
136679 522
136759 603
136839 680
136919 764
136999 851
137079 938
137161 1019
137242 1145
137322 1251
137402 1358
137482 1461
137562 1567
137642 1680
137722 1777
137802 1880
137882 1980
137962 2083
138042 2170
138122 2267
138202 2358
138285 2429
138366 2519
138446 2609
138526 2690
138606 2770
138686 2845
138766 2919
138846 2974
138926 3035
139006 3083
139093 3138
139176 3174
139256 3212
139336 3235
139416 3261
139496 3270
139576 3287
139656 3283
139736 3283
139816 3270
139896 3258
139976 3232
140056 3206
140136 3164
140216 3125
140296 3074
140376 3029
140458 2974
140539 2919
140619 2851
140699 2783
140779 2687
140859 2603
140939 2506
141019 2416
141099 2312
141179 2219
141259 2116
141339 2012
141419 1912
141499 1819
141580 1729
141662 1664
141742 1561
141822 1454
141902 1345
141982 1238
142062 1135
142142 1035
142222 932
142302 838
142401 732
142501 645
142590 574
142675 503
142756 429
142836 361
142916 303
142996 248
143076 196
143156 151
143236 109
143316 77
143396 48
143476 29
143556 9
143636 3
143716 0
143798 3
143879 9
143959 29
144039 48
144119 77
144199 109
144279 151
144359 196
144439 245
144519 300
144599 364
144679 432
144759 509
144841 612
144922 687
145002 767
145082 854
145162 948
145242 1035
145322 1125
145402 1222
145482 1319
145562 1412
145642 1506
145722 1619
145802 1719
145882 1829
145965 1964
146046 2083
146126 2177
146206 2283
146286 2367
146361 2435
146442 2525
146522 2619
146602 2700
146682 2777
146762 2848
146842 2922
146922 2980
147005 3029
147086 3080
147166 3129
147246 3167
147326 3209
147406 3232
147486 3261
147566 3270
147646 3283
147726 3283
147806 3283
147886 3270
147966 3258
148046 3232
148128 3209
148209 3161
148289 3122
148369 3070
148449 3025
148529 2964
148609 2900
148689 2832
148769 2764
148849 2677
148929 2603
149009 2516
149089 2432
149169 2338
149251 2270
149332 2138
149412 2035
149492 1929
149572 1832
149652 1719
149740 1622
149822 1503
149902 1412
149982 1316
150062 1219
150142 1129
150222 1035
150303 958
150386 845
150466 754
150546 667
150626 587
150706 512
150786 438
150866 367
150946 306
151026 251
151106 196
151186 151
151266 109
151346 77
151427 48
151509 25
151589 9
151669 3
151749 0
151829 3
151909 12
151989 29
152069 48
152149 77
152229 112
152309 154
152389 200
152469 248
152550 300
152632 393
152712 458
152792 532
152872 609
152952 690
153032 774
153112 861
153192 954
153272 1045
153352 1138
153432 1238
153521 1335
153602 1412
153682 1512
153762 1625
153842 1729
153922 1835
154002 1938
154082 2051
154162 2148
154242 2254
154322 2348
154402 2448
154482 2529
154562 2622
154642 2703
154723 2787
154806 2835
154886 2909
154966 2964
155046 3029
155126 3077
155206 3129
155286 3167
155366 3206
155446 3232
155526 3261
155606 3270
155686 3283
155766 3283
155847 3283
155929 3267
156009 3258
156089 3229
156169 3203
156249 3164
156329 3125
156409 3070
156489 3025
156569 2964
156649 2900
156729 2832
156809 2764
156889 2680
156979 2606
157059 2525
157139 2445
157219 2351
157299 2267
157379 2167
157459 2070
157539 1958
157619 1858
157699 1741
157779 1635
157859 1529
157939 1425
158021 1296
158102 1225
158182 1135
158262 1041
158342 954
158422 867
158502 777
158582 687
158662 596
158742 522
158822 445
158902 374
158982 309
159062 254
159145 193
159226 148
159306 109
159386 77
159466 48
159546 25
159626 9
159706 3
159786 0
159866 3
159946 12
160026 29
160106 51
160186 83
160268 116
160349 154
160429 200
160509 245
160589 300
160677 374
160759 454
160839 535
160919 622
160999 703
161079 787
161159 877
161239 970
161321 1041
161402 1119
161482 1212
161562 1306
161642 1406
161722 1519
161802 1635
161882 1735
161962 1841
162042 1945
162122 2054
162202 2151
162282 2258
162362 2351
162445 2464
162526 2512
162606 2593
162686 2674
162766 2758
162846 2832
162926 2906
163006 2964
163086 3029
163166 3080
163246 3132
163326 3170
163406 3206
163486 3232
163568 3261
163649 3274
163729 3283
163809 3283
163889 3283
163969 3270
164049 3258
164129 3229
164205 3209
164286 3170
164366 3135
164446 3083
164526 3041
164606 2970
164686 2900
164766 2822
164846 2751
164926 2661
165006 2587
165086 2496
165166 2412
165246 2316
165326 2225
165406 2125
165486 2032
165566 1929
165646 1838
165728 1767
165809 1645
165889 1538
165969 1435
166049 1325
166129 1222
166209 1125
166289 1025
166369 929
166449 835
166529 748
166609 661
166689 577
166769 506
166851 451
166932 374
167012 312
167092 254
167172 200
167252 154
167332 109
167412 77
167492 48
167572 25
167652 9
167740 0
167822 0
167902 3
167982 9
168062 25
168142 48
168222 77
168302 109
168382 161
168462 216
168542 264
168622 322
168702 393
168782 458
168862 532
168942 612
169025 677
169106 748
169186 829
169266 919
169346 1009
169426 1109
169506 1222
169586 1325
169666 1432
169746 1541
169826 1654
169906 1754
169986 1861
170066 1964
170147 2083
170229 2135
170309 2229
170389 2316
170469 2419
170549 2503
170629 2600
170709 2683
170789 2764
170869 2838
170949 2912
171029 2970
171109 3032
171189 3080
171271 3135
171360 3177
171442 3209
171522 3235
171602 3261
171682 3270
171762 3283
171842 3283
171922 3283
172002 3270
172082 3258
172162 3232
172242 3206
172325 3170
172406 3135
172486 3083
172566 3032
172646 2964
172726 2890
172806 2819
172886 2751
172966 2664
173046 2590
173126 2500
173206 2416
173286 2319
173366 2232
173448 2154
173529 2074
173609 1961
173689 1861
173769 1745
173849 1638
173929 1532
174009 1432
174089 1322
174169 1222
174249 1122
174329 1022
174409 925
174489 832
174571 758
174652 687
174732 600
174820 525
174902 438
174982 367
175062 306
175142 251
175222 196
175302 151
175382 109
175462 77
175542 48
175625 25
175706 9
175786 3
175866 0
175946 3
176026 12
176106 29
176186 51
176266 80
176346 116
176426 161
176506 206
176586 254
176666 312
176748 367
176829 445
176909 529
176989 612
177069 700
177149 790
177229 877
177309 970
177389 1067
177469 1161
177549 1261
177629 1361
177709 1458
177789 1558
177871 1625
177952 1732
178032 1838
178112 1941
178192 2051
178272 2148
178352 2254
178432 2351
178512 2448
178600 2532
178682 2632
178762 2709
178842 2787
178923 2835
179006 2912
179086 2970
179166 3032
179246 3080
179326 3132
179406 3170
179486 3209
179566 3235
179646 3261
179726 3270
179806 3283
179886 3283
179966 3283
180047 3270
180129 3254
180209 3229
180289 3203
180369 3164
180449 3125
180529 3074
180609 3029
180689 2967
180769 2906
180849 2838
180929 2770
181009 2687
181089 2612
181170 2535
181252 2412
181332 2312
181412 2216
181492 2109
181572 2012
181652 1909
181732 1819
181812 1712
181892 1612
181972 1516
182060 1396
182142 1341
182222 1251
182302 1158
182382 1058
182462 951
182542 858
182622 767
182702 677
182782 590
182862 516
182942 438
183022 367
183102 306
183182 251
183262 196
183343 151
183426 112
183506 80
183586 48
183666 25
183746 9
183826 3
183906 0
183986 3
184066 12
184146 29
184226 51
184306 80
184386 116
184467 158
184549 196
184629 245
184709 306
184789 380
184869 454
184949 535
185029 622
185109 703
185189 787
185269 874
185349 967
185429 1061
185509 1158
185590 1245
185672 1312
185752 1412
185840 1522
185922 1654
186002 1754
186082 1858
186162 1961
186242 2067
186322 2164
186402 2270
186482 2364
186562 2461
186645 2509
186726 2600
186806 2683
186886 2764
186966 2835
187046 2912
187126 2970
187206 3032
187286 3080
187366 3132
187446 3170
187526 3209
187606 3235
187686 3261
187768 3270
187849 3283
187929 3283
188009 3283
188089 3270
188169 3258
188249 3232
188329 3206
188409 3164
188489 3125
188569 3074
188649 3029
188729 2970
188809 2906
188891 2848
188972 2770
189052 2677
189132 2593
189220 2519
189302 2409
189382 2312
189462 2225
189542 2125
189622 2032
189702 1929
189782 1841
189862 1738
189945 1658
190026 1538
190106 1435
190186 1322
190266 1222
190346 1125
190426 1025
190506 929
190586 835
190666 748
190746 661
190826 577
190906 503
190986 429
191068 377
191149 312
191229 254
191309 200
191389 151
191469 109
191549 77
191629 48
191709 25
191789 9
191869 3
191949 0
192029 3
192109 9
192191 32
192272 51
192352 83
192432 119
192512 161
192592 209
192672 261
192752 316
192832 383
192912 448
193000 532
193082 593
193162 667
193245 761
193326 880
193406 974
193486 1070
193566 1164
193646 1264
193726 1364
193806 1458
193886 1558
193966 1664
194046 1754
194126 1851
194206 1948
194286 2041
194368 2135
194449 2254
194529 2348
194609 2445
194689 2529
194769 2622
194849 2703
194929 2780
195009 2851
195089 2925
195169 2980
195249 3041
195329 3087
195409 3138
195491 3170
195572 3209
195652 3235
195732 3261
195812 3270
195892 3283
195972 3283
196052 3283
196132 3270
196212 3258
196292 3232
196372 3209
196460 3167
196545 3119
196626 3070
196706 3029
196786 2967
196866 2906
196946 2835
197026 2770
197106 2687
197186 2612
197266 2525
197346 2448
197426 2351
197506 2264
197586 2167
197668 2029
197749 1903
197829 1812
197909 1709
197989 1609
198069 1512
198149 1422
198229 1319
198309 1225
198389 1132
198469 1041
198549 951
198629 867
198709 777
198791 670
198872 580
198952 509
199032 435
199112 364
199192 306
199272 248
199352 196
199432 151
199512 109
199592 77
199672 48
199752 25
199832 9
199912 3
199992 0
200080 3
200162 12
200242 29
200322 51
200402 80
200482 116
200562 161
200642 206
200722 254
200802 309
200882 374
200965 429
201046 529
201126 616
201206 703
201286 787
201366 877
201446 970
201526 1064
201606 1161
201686 1261
201766 1358
201846 1454
201926 1551
202006 1658
202088 1722
202169 1845
202249 1945
202329 2054
202409 2151
202489 2258
202569 2351
202649 2448
202729 2532
202809 2625
202889 2703
202969 2780
203049 2854
203129 2925
203209 2980
203289 3041
203369 3090
203449 3135
203529 3167
203609 3206
203697 3238
203779 3261
203859 3270
203939 3287
204019 3283
204099 3283
204179 3270
204261 3258
204342 3235
204422 3209
204502 3170
204582 3129
204662 3070
204742 3019
204822 2958
204902 2893
204982 2822
205062 2754
205142 2670
205222 2593
205302 2506
205385 2441
205466 2354
205546 2270
205626 2167
205706 2064
205786 1951
205866 1851
205946 1735
206026 1629
206106 1525
206186 1425
206266 1319
206346 1219
206426 1116
206506 1019
206586 922
206666 829
206746 741
206826 654
206906 574
206986 500
207066 429
207153 354
207236 312
207316 258
207396 200
207476 154
207557 109
207639 74
207719 48
207799 25
207879 9
207959 3
208039 0
208119 3
208199 9
208279 25
208359 51
208439 83
208519 119
208599 164
208680 209
208762 254
208842 309
208952 406
209066 451
209146 509
209226 583
209306 667
209386 758
209466 858
209546 958
209626 1058
209706 1161
209788 1251
209869 1335
209949 1425
210029 1522
210109 1622
210189 1709
210269 1819
210349 1922
210429 2035
210509 2132
210589 2241
210669 2338
210749 2438
210829 2522
210907 2600
210989 2696
211069 2774
211149 2848
211229 2919
211309 2977
211389 3038
211469 3087
211549 3135
211629 3174
211709 3209
211789 3235
211869 3261
211950 3274
212032 3287
212112 3283
212192 3283
212272 3270
212352 3258
212432 3232
212512 3206
212592 3167
212672 3132
212752 3080
212832 3038
212912 2977
212992 2916
213075 2816
213156 2758
213236 2670
213316 2596
213396 2509
213476 2425
213556 2332
213636 2241
213716 2145
213796 2051
213876 1948
213956 1861
214036 1758
214118 1635
214199 1516
214279 1419
214367 1319
214449 1196
214529 1109
214609 1016
214689 925
214769 841
214849 764
214929 683
215009 606
215089 529
215169 448
215249 377
215329 312
215409 258
215489 200
215569 154
215649 109
215729 77
215809 48
215889 25
215969 9
216049 0
216129 0
216209 3
216291 9
216372 29
216452 51
216532 83
216612 119
216692 164
216772 209
216852 261
216932 319
217012 387
217092 451
217172 522
217252 603
217332 680
217415 748
217496 841
217576 941
217656 1045
217736 1145
217816 1251
217896 1361
217976 1461
218056 1570
218143 1670
218226 1770
218306 1867
218386 1961
218466 2061
218546 2145
218626 2238
218706 2322
218786 2416
218866 2500
218946 2596
219026 2677
219106 2761
219186 2835
219266 2909
219346 2967
219426 3032
219506 3080
219588 3135
219669 3174
219749 3212
219829 3235
219909 3261
219989 3274
220069 3287
220149 3283
220229 3283
220309 3270
220389 3258
220469 3232
220549 3203
220629 3164
220711 3132
220792 3080
220872 3038
220952 2977
221032 2919
221112 2851
221192 2780
221272 2683
221352 2600
221432 2506
221512 2416
221600 2332
221682 2216
221762 2122
221842 2025
221922 1925
222002 1835
222082 1732
222162 1632
222242 1538
222322 1445
222402 1345
222482 1251
222562 1161
222642 1054
222722 951
222802 858
222885 751
222966 658
223046 577
223126 506
223206 429
223286 361
223366 300
223446 245
223526 193
223606 154
223686 112
223766 80
223846 48
223926 25
224008 9
224089 0
224169 0
224249 3
224329 9
224409 25
224489 48
224569 77
224649 109
224729 151
224809 196
224889 241
224969 309
225049 383
225131 454
225212 522
225292 600
225368 687
225449 783
225529 874
225609 967
225689 1061
225769 1154
225849 1258
225929 1354
226009 1451
226089 1548
226169 1651
226249 1741
226329 1838
226409 1925
226489 2025
226569 2116
226649 2225
226729 2325
226809 2425
226889 2509
226969 2606
227049 2687
227129 2767
227209 2841
227291 2922
227372 2983
227452 3041
227532 3087
227612 3129
227692 3167
227772 3206
227852 3232
227932 3258
228012 3270
228092 3283
228172 3283
228252 3283
228332 3270
228415 3258
228496 3232
228576 3209
228656 3170
228736 3135
228823 3080
228906 3016
228986 2958
229066 2893
229146 2825
229226 2758
229306 2670
229386 2596
229466 2506
229546 2425
229626 2325
229706 2238
229786 2141
229866 2045
229946 1945
230026 1858
230106 1751
230186 1658
230266 1561
230346 1464
230426 1351
230506 1245
230588 1119
230669 1012
230749 916
230829 825
230909 738
230989 651
231069 570
231149 506
231229 435
231309 377
231389 319
231469 261
231549 203
231629 154
231711 109
231792 74
231872 48
231952 25
232032 9
232112 3
232192 0
232272 3
232352 9
232440 29
232522 54
232602 83
232682 119
232762 164
232842 212
232922 261
233002 319
233082 387
233162 451
233242 525
233322 603
233402 683
233482 764
233562 851
233642 941
233722 1029
233802 1122
233885 1225
233966 1351
234046 1454
234126 1564
234206 1674
234286 1774
234366 1880
234446 1980
234526 2087
234606 2174
234686 2277
234766 2361
234846 2448
234926 2522
235008 2609
235089 2693
235169 2770
235249 2845
235329 2919
235409 2974
235489 3035
235569 3083
235649 3135
235729 3170
235809 3209
235889 3235
235977 3261
236059 3274
236139 3287
236219 3283
236299 3283
236379 3270
236459 3258
236539 3229
236619 3206
236699 3164
236779 3125
236859 3074
236939 3029
237019 2967
237099 2906
237180 2841
237262 2787
237342 2693
237422 2609
237502 2509
237582 2422
237662 2322
237742 2222
237822 2119
237902 2016
237982 1906
238062 1816
238142 1709
238222 1609
238303 1532
238386 1458
238466 1348
238546 1241
238626 1138
238706 1035
238786 935
238866 841
238946 754
239026 667
239106 583
239186 512
239266 435
239346 367
239427 303
239540 235
239630 183
239720 145
239810 106
239900 70
239990 41
240080 22
240170 6
240260 0
240350 0
240440 3
240530 12
240622 29
240710 51
240800 80
240890 122
240980 167
241070 212
241161 258
241251 306
241340 377
241430 470
241520 538
241610 612
241700 683
241790 754
241880 854
241970 980
242060 1077
242150 1158
242240 1245
242330 1322
242421 1461
242510 1574
242600 1700
242690 1774
242780 1851
242870 1938
242960 2061
243052 2193
243141 2293
243231 2351
243321 2435
243410 2519
243500 2622
243590 2709
243689 2796
243778 2867
243868 2941
243958 2977
244048 3038
244138 3090
244228 3141
244319 3180
244408 3219
244498 3238
244588 3264
244678 3277
244768 3290
244858 3287
244948 3287
245038 3270
245128 3258
245218 3232
245308 3206
245398 3167
245488 3132
245578 3061
245668 3019
245758 2961
245848 2900
245938 2838
246028 2780
246118 2658
246208 2577
246298 2500
246388 2425
246478 2341
246568 2251
246658 2116
246749 2009
246838 1912
246928 1838
247018 1751
247108 1632
247198 1512
247288 1400
247378 1293
247468 1222
247566 1129
247655 1041
247745 935
247835 832
247925 735
248016 638
248105 561
248195 519
248285 435
248375 361
248465 296
248555 238
248645 187
248735 148
248825 106
248915 70
249005 41
249095 22
249185 6
249275 0
249365 0
249455 3
249545 12
249635 29
249725 48
249815 87
249905 122
249995 164
250085 209
250175 254
250265 306
250355 403
250446 461
250535 535
250625 609
250715 677
250805 748
250895 874
250985 983
251075 1067
251165 1148
251255 1232
251345 1335
251435 1458
251525 1587
251615 1690
251706 1738
251802 1858
251891 1945
251981 2048
252071 2158
252161 2274
252251 2377
252341 2470
252431 2516
252521 2616
252611 2703
252701 2787
252791 2861
252881 2938
252971 2974
253061 3038
253151 3090
253241 3141
253331 3180
253421 3219
253511 3241
253601 3264
253691 3277
253781 3287
253871 3287
253961 3287
254051 3270
254142 3258
254231 3232
254321 3206
254411 3167
254501 3132
254591 3061
254681 3019
254771 2961
254861 2900
254951 2838
255041 2777
255131 2664
255221 2577
255311 2500
255402 2432
255491 2338
255589 2248
255678 2158
255768 2035
255858 1903
255948 1803
256038 1716
256128 1632
256218 1548
256308 1425
256398 1303
256488 1190
256578 1103
256668 1038
256758 938
256848 835
256938 738
257028 645
257118 558
257208 522
257298 435
257388 361
257478 296
257568 238
257658 187
257748 151
257839 103
257928 70
258018 41
258108 22
258198 6
258288 0
258378 0
258468 3
258558 12
258648 29
258738 48
258828 87
258918 122
259008 164
259099 209
259188 254
259278 306
259368 396
259458 467
259548 535
259638 609
259728 677
259826 761
259915 841
260005 948
260095 1074
260185 1177
260275 1261
260365 1345
260455 1422
260545 1551
260635 1680
260725 1793
260815 1877
260905 1951
260995 2048
261085 2154
261175 2274
261265 2377
261355 2477
261445 2522
261536 2619
261625 2703
261715 2787
261805 2861
261893 2935
261983 2993
262073 3035
262165 3090
262255 3141
262345 3180
262433 3216
262525 3241
262613 3264
262705 3277
262796 3287
262885 3287
262975 3287
263065 3270
263155 3258
263245 3229
263335 3206
263425 3167
263515 3132
263605 3064
263702 3009
263791 2951
263881 2893
263971 2825
264061 2764
264151 2690
264241 2609
264331 2483
264421 2403
264511 2316
264601 2241
264691 2154
264781 2041
264871 1906
264961 1800
265051 1712
265141 1632
265232 1532
265321 1429
265411 1306
265501 1193
265591 1100
265681 1032
265771 941
265861 835
265951 738
266040 654
266131 561
266221 516
266311 435
266401 361
266492 293
266581 241
266671 187
266761 151
266851 106
266940 74
267031 41
267121 22
267211 6
267301 0
267391 0
267481 3
267571 12
267661 29
267752 48
267848 83
267937 116
268027 158
268117 219
268207 267
268297 322
268387 387
268477 441
268567 519
268657 632
268747 703
268837 777
268929 841
269017 932
269107 1048
269197 1174
269287 1280
269377 1361
269467 1441
269557 1529
269647 1661
269737 1774
269827 1896
269917 1977
270007 2054
270097 2141
270189 2280
270277 2364
270367 2470
270457 2551
270547 2606
270637 2696
270727 2777
270817 2858
270907 2935
270997 2993
271087 3035
271177 3087
271267 3138
271357 3177
271449 3216
271537 3241
271627 3264
271717 3277
271816 3287
271903 3287
271993 3283
272083 3270
272173 3258
272263 3232
272353 3200
272443 3161
272533 3122
272623 3074
272713 3032
272803 2970
272893 2880
272983 2819
273073 2758
273163 2680
273253 2612
273343 2516
273433 2396
273523 2303
273613 2225
273703 2138
273793 2061
273886 1890
273973 1816
274063 1690
274153 1609
274243 1535
274333 1445
274423 1322
274513 1203
274603 1093
274693 1003
274783 938
274873 845
274963 748
275053 651
275146 574
275233 490
275323 441
275413 367
275503 300
275593 241
275692 183
275781 141
275871 100
275961 74
276051 41
276141 22
276231 6
276321 0
276411 0
276501 3
276591 12
276681 29
276771 51
276861 80
276951 112
277041 170
277131 216
277221 264
277311 319
277401 380
277491 435
277582 541
277671 625
277761 696
277851 774
277941 845
278031 938
278121 1067
278211 1180
278301 1267
278391 1351
278481 1425
278571 1541
278661 1670
278751 1787
278842 1864
278931 1958
279021 2041
279111 2151
279201 2270
279291 2374
279381 2477
279471 2532
279561 2612
279651 2700
279741 2787
279839 2864
279947 2945
280058 2990
280148 3048
280238 3093
280328 3145
280418 3183
280508 3216
280598 3241
280688 3264
280778 3277
280868 3290
280958 3287
281049 3283
281138 3274
281228 3258
281318 3232
281408 3206
281498 3170
281588 3116
281678 3067
281768 3022
281858 2967
281948 2909
282038 2845
282128 2738
282219 2664
282308 2593
282398 2512
282488 2441
282578 2338
282668 2219
282758 2100
282848 2019
282938 1932
283028 1861
283118 1735
283208 1609
283298 1493
283388 1403
283479 1345
283568 1241
283658 1129
283756 1016
283845 919
283935 819
284025 729
284115 648
284205 593
284295 512
284385 429
284475 354
284565 293
284656 251
284745 196
284835 148
284925 103
285015 70
285105 41
285195 22
285285 6
285375 0
285465 0
285555 3
285645 9
285735 29
285825 54
285916 83
286005 119
286095 161
286185 206
286275 251
286365 332
286455 400
286545 461
286635 525
286725 596
286815 667
286905 787
286995 887
287085 970
287176 1041
287265 1129
287355 1235
287445 1364
287535 1483
287625 1577
287715 1661
287805 1732
287895 1851
287992 1958
288081 2067
288171 2174
288261 2290
288352 2345
288441 2429
288531 2522
288621 2625
288711 2712
288801 2793
288891 2870
288981 2919
289071 2977
289161 3041
289251 3093
289341 3145
289431 3180
289521 3216
289612 3238
289701 3264
289791 3277
289881 3290
289971 3287
290061 3287
290151 3270
290241 3258
290331 3232
290421 3206
290511 3167
290601 3116
290691 3067
290781 3022
290872 2967
290961 2906
291051 2845
291141 2745
291231 2658
291321 2590
291411 2509
291501 2438
291591 2341
291681 2219
291771 2100
291869 1996
291958 1900
292049 1841
292138 1738
292228 1645
292318 1522
292408 1403
292498 1287
292588 1203
292678 1138
292768 1035
292858 925
292948 822
293038 729
293128 641
293218 593
293309 506
293398 429
293488 354
293578 293
293668 238
293758 196
293848 148
293938 103
294028 70
294118 41
294208 22
294298 6
294388 0
294478 0
294569 3
294657 12
294748 29
294838 54
294928 87
295018 119
295108 164
295198 206
295288 251
295378 332
295468 400
295558 461
295648 529
295738 596
295828 664
295918 780
296008 887
296106 990
296195 1080
296285 1161
296375 1245
296465 1322
296555 1445
296645 1574
296735 1700
296825 1774
296915 1851
297006 1954
297095 2064
297185 2170
297275 2290
297365 2377
297455 2438
297545 2522
297635 2622
297725 2709
297815 2793
297905 2867
297995 2916
298085 2977
298175 3041
298266 3093
298355 3145
298445 3180
298535 3216
298625 3241
298715 3264
298805 3277
298895 3287
298985 3287
299075 3283
299165 3270
299255 3258
299345 3232
299435 3206
299525 3167
299615 3116
299705 3064
299795 3022
299880 2954
299970 2887
300060 2822
