# data format:
# time voltage
# (msecs) (mvolts)
1510 0
1581 0
1651 0
1721 9
1791 19
1861 29
1931 41
2001 54
2073 64
2145 77
2215 90
2285 103
2355 116
2425 132
2495 145
2565 158
2635 174
2705 190
2775 203
2845 212
2915 212
2985 229
3055 241
3125 258
3195 270
3265 287
3335 303
3405 319
3475 335
3545 351
3615 348
3685 351
3755 367
3825 383
3895 400
3965 412
4035 432
4105 448
4177 458
4248 467
4318 483
4388 500
4458 519
4528 535
4598 545
4668 535
4738 541
4808 558
4878 574
4950 580
5021 590
5091 606
5161 625
5231 641
5309 667
5378 693
5448 703
5518 696
5588 690
5658 706
5730 716
5801 748
5871 741
5941 758
6011 777
6081 793
6151 812
6221 832
6291 854
6361 874
6431 893
6501 890
6571 883
6642 880
6711 900
6781 919
6851 938
6921 958
6991 980
7061 1000
7131 1022
7201 1029
7272 1029
7341 1022
7411 1019
7483 1051
7555 1077
7626 1074
7696 1074
7765 1090
7835 1116
7905 1135
7975 1158
8045 1177
8115 1203
8185 1216
8255 1216
8325 1209
8397 1238
8468 1267
8538 1267
8608 1264
8678 1261
8748 1264
8819 1287
8888 1309
8958 1332
9025 1338
9095 1348
9165 1348
9235 1358
9307 1374
9378 1403
9448 1400
9518 1406
9589 1429
9658 1454
9728 1477
9798 1503
9868 1525
9938 1538
10008 1538
10078 1541
10148 1538
10220 1567
10291 1590
10361 1593
10431 1590
10501 1593
10571 1600
10641 1629
10711 1651
10782 1677
10851 1703
10921 1725
10991 1725
11062 1732
11132 1732
11201 1732
11271 1732
11342 1745
11411 1770
11481 1800
11552 1819
11622 1848
11691 1858
11762 1864
11832 1864
11902 1874
11971 1870
12041 1877
12113 1900
12185 1922
12255 1929
12325 1929
12402 1961
12471 2009
12542 2012
12611 2019
12681 2019
12751 2025
12822 2029
12891 2035
12961 2045
13031 2074
13101 2100
13172 2132
13241 2145
13311 2151
13382 2154
13451 2161
13522 2164
13591 2170
13662 2174
13731 2193
13802 2219
13872 2248
13942 2277
14013 2280
14085 2274
14155 2303
14226 2325
14295 2335
14365 2335
14436 2348
14505 2351
14576 2361
14645 2361
14716 2374
14785 2390
14855 2422
14926 2448
14997 2451
15069 2441
15138 2474
15208 2506
15279 2519
15349 2522
15419 2532
15488 2535
15558 2545
15628 2551
15707 2558
15779 2577
15849 2587
15919 2593
15989 2625
16058 2654
16128 2664
16198 2670
16268 2683
16338 2690
16408 2703
16478 2709
16548 2719
16618 2729
16688 2748
16758 2777
16828 2796
16900 2806
16971 2800
17041 2832
17111 2848
17181 2854
17251 2867
17321 2874
17391 2887
17461 2893
17531 2909
17601 2916
17671 2929
17741 2945
17811 2974
17883 2980
17955 2983
18026 2996
18095 3022
18165 3032
18235 3045
18305 3054
18375 3067
18445 3077
18515 3093
18585 3100
18655 3116
18725 3125
18795 3151
18867 3151
18946 3170
19015 3187
19085 3200
19155 3209
19225 3225
19295 3232
19365 3248
19435 3258
19506 3277
19575 3274
19645 3274
19715 3261
19787 3254
19858 3235
19928 3232
19998 3216
20069 3206
20138 3190
20208 3180
20278 3161
20348 3151
20418 3135
20488 3122
20558 3106
20628 3093
20698 3093
20770 3070
20841 3051
20911 3038
20982 3045
21051 3032
21122 3012
21191 3000
21261 2983
21331 2970
21401 2951
21472 2938
21541 2919
21611 2906
21681 2906
21753 2880
21825 2867
21895 2854
21965 2854
22036 2858
22106 2838
22175 2825
22252 2800
22321 2780
22391 2761
22461 2745
22531 2751
22602 2758
22673 2722
22745 2693
22815 2696
22885 2706
22955 2687
23026 2674
23096 2651
23166 2635
23235 2616
23305 2600
23375 2577
23445 2561
23516 2554
23586 2564
23657 2532
23728 2506
23799 2500
23869 2509
23939 2512
24008 2496
24079 2477
24149 2461
24218 2438
24288 2419
24358 2396
24428 2377
24498 2364
24568 2370
24640 2335
24711 2325
24781 2316
24851 2319
24921 2322
24991 2325
25061 2303
25131 2283
25202 2261
25271 2241
25342 2219
25411 2200
25478 2225
25548 2209
25618 2187
25688 2167
25758 2141
25828 2122
25898 2096
25968 2096
26038 2100
26108 2103
26178 2103
26248 2087
26318 2064
26388 2041
26458 2019
26530 2016
26601 2012
26671 1990
26741 1967
26811 1941
26881 1919
26951 1909
27021 1909
27091 1912
27161 1912
27231 1916
27301 1893
27371 1870
27441 1841
27513 1841
27585 1841
27655 1819
27725 1793
27795 1770
27865 1741
27935 1719
28005 1719
28075 1722
28145 1722
28215 1722
28285 1719
28355 1696
28425 1670
28497 1674
28568 1670
28638 1645
28708 1619
28786 1580
28858 1583
28928 1561
28998 1532
29068 1516
29138 1512
29208 1516
29278 1512
29348 1516
29418 1512
29488 1493
29558 1467
29628 1438
29698 1409
29768 1383
29838 1380
29908 1380
29978 1374
30048 1374
30118 1370
30188 1370
30258 1348
30328 1319
30400 1316
30471 1316
30541 1293
30611 1267
30681 1238
30751 1209
30821 1196
30891 1193
30961 1190
31031 1187
31101 1180
31171 1177
31241 1174
31311 1148
31383 1148
31455 1125
31525 1122
31595 1096
31665 1067
31735 1038
31805 1012
31875 1009
31945 1003
32015 1000
32081 990
32151 977
32222 945
32291 925
32363 919
32435 919
32505 887
32575 877
32645 870
32715 864
32785 858
32855 851
32925 845
32995 838
33065 832
33135 806
33205 770
33275 748
33345 738
33415 735
33485 725
33555 719
33625 709
33695 703
33765 696
33835 687
33905 654
33975 619
34045 609
34115 603
34185 593
34257 577
34328 561
34399 551
34468 545
34538 535
34608 525
34678 516
34748 509
34818 500
34888 490
34958 454
35028 432
35098 422
35168 412
35240 400
35311 383
35382 374
35451 364
35521 354
35591 345
35669 335
35738 329
35808 296
35878 283
35948 270
36018 261
36088 251
36158 238
36228 229
36298 216
36369 206
36438 193
36508 183
36578 158
36648 145
36718 135
36788 122
36858 109
36928 100
36998 87
37068 74
37140 61
37211 45
37281 35
37351 22
37421 9
37491 6
37561 12
37631 19
37701 32
37771 41
37841 54
37911 67
37981 80
38051 96
38123 109
38195 119
38266 132
38335 148
38405 161
38476 177
38545 193
38615 190
38685 203
38755 216
38825 232
38895 245
38966 261
39035 277
39107 287
39179 300
39249 312
39318 329
39397 348
39468 358
39538 374
39608 390
39679 406
39748 393
39819 403
39888 419
39958 435
40030 445
40101 454
40171 470
40241 487
40312 503
40382 519
40451 538
40522 554
40591 574
40661 590
40731 587
40801 580
40871 593
40941 609
41013 619
41086 635
41155 641
41225 661
41295 677
41365 696
41435 716
41505 735
41576 754
41645 774
41715 783
41785 777
41856 770
41925 783
41997 796
42068 829
42138 822
42208 832
42278 851
42348 870
42418 893
42489 912
42559 932
42629 954
42698 974
42768 967
42838 964
42908 954
42986 987
43055 1016
43126 1038
43196 1061
43265 1077
43336 1074
43406 1070
43475 1064
43545 1077
43615 1096
43685 1119
43755 1138
43825 1164
43897 1167
43968 1170
44039 1190
44108 1216
44179 1238
44248 1264
44319 1264
44388 1261
44459 1258
44529 1254
44599 1267
44669 1290
44738 1316
44808 1338
44880 1341
44951 1345
45022 1364
45091 1390
45161 1416
45231 1441
45301 1451
45371 1451
45441 1448
45511 1448
45582 1445
45652 1464
45721 1487
45792 1512
45861 1538
45931 1567
46001 1587
46072 1590
46142 1587
46212 1587
46278 1619
46349 1635
46419 1658
46489 1674
46559 1680
46628 1661
46699 1667
46770 1687
46842 1683
46911 1696
46981 1712
47051 1712
47122 1709
47191 1748
47262 1774
47331 1809
47401 1835
47472 1858
47542 1858
47612 1861
47682 1861
47753 1887
47825 1909
47896 1912
47966 1912
48036 1919
48106 1919
48175 1925
48246 1951
48316 1980
48386 2009
48456 2038
48526 2045
48596 2048
48666 2051
48737 2074
48808 2093
48878 2100
48948 2100
49018 2106
49088 2106
49158 2112
49228 2119
49298 2151
49368 2183
49438 2216
49517 2216
49588 2245
49660 2245
49731 2241
49801 2270
49871 2293
49942 2296
50012 2303
50081 2306
50151 2316
50221 2319
50291 2325
50361 2329
50431 2358
50501 2387
50571 2425
50643 2416
50716 2409
50786 2441
50855 2474
50925 2477
50995 2487
51065 2490
51135 2448
51205 2438
51275 2445
51345 2470
51415 2503
51486 2541
51556 2587
51627 2580
51699 2580
51768 2609
51839 2645
51908 2658
51978 2670
52048 2674
52119 2687
52188 2690
52258 2703
52329 2709
52399 2719
52469 2725
52539 2761
52608 2787
52678 2800
52749 2806
52826 2812
52895 2816
52965 2825
53035 2838
53105 2874
53175 2887
53245 2900
53315 2906
53385 2919
53455 2925
53527 2945
53598 2958
53668 2970
53738 2977
53808 2990
53878 2996
53948 3012
54018 3022
54088 3041
54158 3064
54228 3077
54298 3083
54368 3100
54438 3109
54510 3125
54581 3135
54651 3151
54721 3161
54791 3174
54861 3183
54931 3200
55001 3209
55071 3225
55141 3238
55211 3251
55281 3261
55351 3277
55421 3274
55491 3274
55561 3261
55631 3251
55701 3238
55771 3225
55841 3209
55911 3209
55981 3190
56059 3177
56128 3161
56198 3151
56268 3132
56338 3122
56410 3106
56481 3096
56551 3080
56621 3067
56691 3048
56761 3058
56831 3041
56901 3029
56971 3009
57041 2996
57111 2980
57181 2967
57251 2948
57321 2935
57392 2922
57465 2916
57535 2896
57605 2883
57675 2864
57745 2867
57815 2867
57885 2854
57955 2835
58025 2822
58095 2803
58165 2787
58235 2767
58305 2754
58377 2741
58448 2735
58518 2716
58588 2700
58658 2680
58728 2670
58798 2677
58868 2680
58963 2645
59068 2629
59138 2606
59247 2609
59318 2603
59388 2587
59466 2558
59536 2535
59605 2519
59676 2525
59746 2532
59815 2525
59886 2506
59956 2490
60026 2467
60096 2451
60166 2429
60235 2409
60306 2387
60375 2387
60445 2303
60516 2258
60585 2303
60656 2322
60726 2319
60796 2306
60866 2248
60937 2148
61009 2212
61079 2232
61148 2225
61219 2209
61288 2196
61358 2180
61429 2190
61498 2200
61568 2206
61638 2190
61709 2167
61778 2148
61849 2125
61920 2125
61992 2116
62062 2100
62132 2074
62202 2051
62272 2029
62342 2006
62412 2006
62482 2012
62552 2009
62621 2016
62700 1983
62771 1987
62842 1964
62912 1941
62982 1919
63052 1896
63122 1870
63192 1851
63261 1854
63332 1854
63401 1858
63472 1858
63542 1845
63612 1822
63682 1796
63751 1770
63823 1770
63896 1770
63966 1745
64036 1722
64106 1696
64175 1667
64246 1664
64316 1664
64386 1664
64456 1664
64526 1664
64596 1651
64666 1625
64736 1596
64807 1596
64879 1600
64949 1570
65019 1548
65089 1522
65159 1500
65229 1477
65299 1474
65369 1470
65439 1467
65509 1467
65579 1464
65649 1461
65719 1435
65791 1432
65862 1409
65932 1406
66010 1364
66082 1377
66152 1351
66222 1319
66292 1293
66362 1270
66432 1267
66502 1264
66572 1261
66642 1254
66713 1235
66786 1209
66856 1206
66926 1203
66996 1200
67066 1193
67136 1177
67206 1148
67276 1119
67346 1090
67416 1083
67486 1077
67556 1074
67626 1067
67698 1048
67769 1029
67839 1022
67909 1016
67979 1009
68049 1003
68119 996
68189 980
68259 948
68329 916
68399 900
68469 893
68539 890
68609 880
68680 864
68752 841
68822 838
68892 829
68962 822
69032 816
69102 809
69172 800
69242 783
69312 745
69390 725
69462 709
69532 700
69605 683
69676 690
69746 658
69816 648
69886 641
69956 632
70026 622
70096 616
70166 606
70236 596
70306 587
70376 574
70446 538
70516 519
70587 509
70659 522
70729 490
70799 470
70869 461
70939 451
71009 441
71079 432
71149 422
71219 412
71289 403
71359 393
71429 370
71499 345
71571 351
71642 338
71712 322
71782 293
71852 283
71922 274
71992 261
72062 251
72132 241
72202 229
72272 216
72342 206
72412 193
72482 174
72552 158
72622 145
72692 135
72762 122
72832 112
72902 100
72980 87
73052 74
73122 61
73192 48
73262 35
73332 22
73402 9
73473 6
73546 12
73616 19
73686 29
73756 41
73826 54
73896 67
73966 80
74036 93
74106 106
74176 119
74246 135
74316 151
74386 151
74458 177
74529 187
74599 203
74669 200
74739 212
74809 225
74879 241
74949 254
75019 270
75089 287
75159 300
75229 316
75299 332
75369 338
75439 335
75509 351
75579 364
75649 380
75719 396
75789 412
75859 429
75929 445
75999 464
76069 477
76139 474
76209 474
76279 490
76351 500
76422 525
76492 522
76562 541
76632 558
76710 580
76782 583
76852 603
76922 619
76992 638
77062 654
77132 674
77202 687
77272 677
77345 709
77416 725
77486 732
77556 732
77626 722
77696 741
77766 758
77836 777
77906 796
77976 816
78046 835
78116 858
78186 874
78256 870
78326 867
78396 864
78466 883
78536 903
78606 922
78676 941
78746 961
78816 983
78886 1003
78956 1012
79026 1006
79096 1006
79166 1006
79238 1029
79309 1061
79379 1058
79449 1054
79519 1077
79589 1096
79659 1119
79729 1138
79799 1164
79869 1183
79939 1200
80009 1200
80079 1196
80149 1193
80216 1232
80286 1261
80356 1280
80426 1280
80496 1280
80566 1277
80636 1274
80706 1293
80776 1319
80846 1338
80916 1361
80986 1387
81056 1409
81126 1419
81197 1438
81269 1438
81339 1464
81409 1470
81479 1470
81549 1467
81619 1467
81689 1467
81759 1493
81829 1516
81899 1541
81969 1564
82039 1593
82109 1603
82179 1606
82249 1603
82319 1606
82389 1606
82459 1612
82529 1635
82599 1664
82669 1690
82739 1716
82809 1738
82879 1741
82949 1741
83019 1748
83090 1767
83162 1793
83232 1793
83302 1796
83372 1796
83451 1806
83522 1819
83592 1822
83662 1845
83732 1870
83802 1896
83872 1925
83942 1945
84012 1948
84083 1964
84156 1977
84226 1993
84296 2000
84366 2000
84436 2006
84506 2009
84576 2016
84646 2016
84716 2041
84786 2070
84856 2100
84926 2125
84996 2132
85067 2151
85139 2151
85209 2177
85279 2183
85349 2187
85419 2193
85489 2196
85559 2203
85629 2209
85699 2216
85769 2241
85839 2274
85909 2300
85979 2316
86049 2322
86119 2329
86189 2332
86259 2341
86329 2345
86399 2354
86469 2361
86539 2393
86609 2419
86679 2448
86757 2445
86829 2470
86899 2477
86971 2496
87042 2503
87112 2522
87182 2529
87252 2535
87322 2541
87392 2551
87462 2558
87532 2567
87602 2574
87672 2590
87742 2622
87812 2651
87882 2658
87955 2677
88026 2677
88096 2703
88166 2709
88236 2719
88306 2725
88376 2738
88446 2745
88516 2754
88586 2761
88656 2774
88726 2787
88796 2825
88866 2835
88936 2848
89006 2854
89076 2867
89146 2877
89216 2887
89286 2896
89356 2909
89426 2916
89496 2941
89566 2964
89636 2977
89706 2983
89776 2996
89848 3009
89919 3025
89997 3032
90069 3051
90139 3058
90209 3070
90279 3080
90349 3096
90419 3103
90489 3119
90559 3125
90629 3148
90699 3161
90769 3177
90841 3187
90912 3200
90982 3212
91052 3225
91122 3235
91192 3251
91262 3258
91332 3277
91402 3274
91472 3274
91542 3261
91612 3251
91682 3241
91752 3232
91822 3216
91892 3206
91962 3190
92032 3180
92102 3164
92172 3151
92242 3135
92312 3122
92382 3109
92452 3112
92522 3093
92592 3080
92662 3064
92735 3054
92806 3041
92876 3032
92946 3012
93016 3000
93086 2983
93156 2970
93226 2951
93303 2935
93376 2922
93446 2912
93516 2900
93586 2912
93656 2893
93728 2883
93799 2848
93869 2861
93939 2841
94009 2829
94079 2809
94149 2793
94219 2777
94289 2761
94359 2741
94429 2725
94499 2706
94569 2719
94639 2719
94709 2703
94779 2683
94849 2667
94919 2648
94989 2632
95059 2612
95129 2596
95199 2577
95269 2574
95339 2577
95409 2580
95479 2561
95549 2541
95621 2532
95692 2529
95762 2509
95832 2493
95902 2470
95972 2454
96042 2432
96112 2416
96182 2393
96252 2383
96322 2383
96392 2393
96462 2387
96540 2361
96615 2338
96686 2316
96756 2316
96826 2319
96896 2306
96966 2287
97036 2267
97106 2248
97176 2225
97246 2206
97316 2180
97386 2177
97456 2177
97526 2180
97596 2183
97666 2167
97736 2141
97806 2122
97876 2100
97946 2077
98016 2054
98086 2041
98156 2038
98226 2045
98296 2045
98366 2041
98436 2019
98508 2016
98579 1990
98649 1993
98719 1967
98789 1948
98859 1922
98929 1900
98999 1877
99069 1854
99139 1851
99209 1854
99279 1854
99349 1854
99419 1848
99490 1832
99562 1800
99632 1803
99702 1796
99772 1774
99850 1735
99922 1741
99992 1716
100062 1690
100132 1667
100202 1648
100272 1645
100342 1648
100412 1641
100482 1645
100552 1641
100622 1622
100692 1593
100762 1570
100832 1545
100902 1519
100972 1509
101042 1512
101112 1506
101182 1506
101252 1503
101322 1500
101395 1477
101466 1451
101536 1448
101606 1448
101676 1422
101746 1400
101816 1370
101886 1345
101956 1325
102026 1322
102096 1319
102166 1319
102236 1312
102306 1309
102377 1287
102449 1264
102519 1258
102589 1258
102659 1251
102729 1225
102799 1196
102877 1158
102949 1161
103019 1135
103089 1125
103159 1119
103229 1112
103299 1109
103369 1103
103439 1100
103509 1093
103579 1070
103649 1038
103719 1012
103789 990
103859 987
103929 980
103999 977
104069 970
104139 964
104209 958
104281 935
104352 916
104422 909
104492 903
104562 896
104632 867
104702 841
104772 809
104842 803
104912 796
104982 790
105052 783
105122 777
105192 767
105263 751
105336 729
105406 722
105476 716
105546 706
105616 700
105686 670
105756 638
105826 622
105896 616
105966 609
106043 606
106116 587
106186 577
106256 570
106326 561
106396 551
106466 538
106536 506
106606 483
106676 477
106746 467
106816 458
106886 448
106956 438
107026 425
107096 416
107167 400
107239 383
107309 374
107379 364
107449 351
107519 341
107589 306
107659 296
107729 287
107799 277
107869 267
107939 254
108009 241
108079 232
108150 216
108222 203
108292 190
108362 177
108432 167
108502 154
108572 138
108642 122
108712 109
108782 96
108852 87
108922 74
108992 61
109062 48
109133 35
109206 22
109276 9
109341 9
109412 12
109482 19
109552 32
109622 41
109692 54
109762 67
109832 80
109902 96
109972 109
110042 125
110112 125
110182 138
110252 151
110322 167
110392 180
110462 196
110532 209
110602 225
110672 241
110742 254
110812 254
110882 264
110952 277
111023 287
111096 312
111166 312
111236 329
111306 341
111376 358
111446 374
111516 390
111586 406
111656 422
111726 441
111796 454
111866 448
111936 451
112007 464
112079 503
112149 496
112219 503
112289 519
112359 535
112429 551
112499 567
112569 587
112639 603
112717 629
112789 632
112859 651
112929 664
112999 661
113069 654
113139 667
113209 683
113279 703
113349 722
113419 741
113489 758
113559 777
113629 796
113699 803
113769 793
113839 790
113911 822
113982 854
114052 848
114122 845
114192 858
114262 877
114332 896
114402 919
114472 938
114542 961
114612 980
114682 990
114752 983
114822 983
114895 1009
114966 1045
115036 1038
115106 1035
115176 1032
115246 1054
115316 1074
115386 1093
115456 1116
115526 1138
115596 1158
115666 1180
115736 1177
115806 1177
115886 1180
115956 1193
116026 1187
116096 1206
116166 1225
116236 1248
116306 1270
116376 1296
116446 1316
116516 1332
116586 1329
116656 1332
116726 1329
116798 1358
116869 1383
116939 1383
117009 1380
117079 1380
117149 1400
117219 1422
117315 1464
117413 1458
117486 1448
117556 1474
117626 1493
117696 1522
117766 1541
117838 1538
117909 1548
117979 1570
118049 1596
118119 1622
118189 1625
118259 1629
118329 1629
118399 1629
118469 1629
118539 1645
118609 1667
118679 1696
118751 1696
118822 1696
118892 1719
118970 1764
119042 1754
119112 1780
119182 1806
119252 1832
119322 1832
119392 1835
119462 1835
119532 1838
119602 1841
119672 1848
119742 1870
119812 1900
119882 1925
119952 1958
120022 1964
120092 1967
120162 1970
120232 1974
120302 1977
120372 1983
120442 1990
120512 2022
120582 2048
120655 2048
120726 2041
120796 2074
120866 2100
120936 2129
121006 2148
121076 2154
121146 2158
121216 2164
121286 2167
121356 2170
121426 2177
121496 2190
121566 2219
121636 2251
121706 2277
121776 2287
121846 2290
121916 2296
121981 2303
122052 2316
122122 2345
122192 2367
122262 2370
122332 2380
122402 2383
122472 2393
122545 2406
122616 2429
122686 2432
122756 2441
122826 2448
122896 2458
122966 2464
123036 2490
123106 2516
123176 2545
123246 2551
123316 2561
123386 2567
123456 2570
123527 2583
123599 2606
123669 2612
123739 2622
123809 2629
123879 2638
123949 2645
124019 2658
124089 2683
124159 2716
124229 2725
124299 2738
124369 2745
124439 2754
124511 2770
124582 2790
124652 2796
124722 2806
124792 2816
124862 2829
124940 2832
125012 2851
125082 2861
125152 2874
125222 2887
125292 2919
125362 2929
125435 2945
125506 2938
125576 2970
125646 2980
125716 2993
125786 3000
125856 3016
125926 3022
125996 3038
126066 3045
126136 3061
126206 3070
126276 3096
126346 3109
126418 3122
126489 3125
126559 3141
126629 3158
126699 3174
126769 3180
126839 3196
126909 3206
126979 3222
127049 3232
127119 3248
127189 3258
127259 3274
127329 3274
127401 3270
127472 3261
127542 3251
127612 3241
127682 3232
127752 3216
127822 3206
127892 3190
127970 3177
128042 3164
128112 3151
128182 3135
128252 3122
128325 3109
128396 3100
128466 3083
128536 3070
128606 3054
128676 3038
128746 3041
128816 3032
128886 3012
128956 3000
129026 2983
129096 2970
129166 2954
129236 2941
129308 2925
129379 2919
129449 2900
129519 2890
129589 2867
129659 2854
129729 2851
129799 2858
129869 2838
129939 2825
130009 2806
130079 2793
130149 2774
130219 2758
130291 2748
130362 2741
130432 2719
130502 2706
130572 2687
130642 2670
130712 2658
130782 2667
130852 2661
130922 2645
130988 2600
131059 2590
131129 2577
131199 2583
131269 2587
131339 2570
131409 2551
131479 2535
131549 2516
131619 2500
131689 2477
131759 2461
131829 2441
131899 2445
131969 2448
132039 2448
132109 2429
132180 2422
132252 2393
132322 2396
132392 2377
132462 2361
132532 2338
132602 2322
132672 2296
132742 2280
132812 2258
132882 2254
132952 2258
133022 2261
133092 2254
133163 2235
133236 2200
133306 2206
133376 2203
133446 2187
133516 2164
133586 2145
133656 2122
133726 2103
133796 2077
133866 2064
133945 2064
134016 2048
134086 2048
134157 2025
134229 1993
134299 1996
134369 1996
134439 2000
134509 2000
134579 1983
134649 1961
134719 1938
134789 1916
134859 1893
134929 1870
134999 1861
135069 1861
135139 1861
135209 1861
135279 1861
135349 1838
135419 1816
135489 1793
135559 1774
135629 1745
135699 1729
135769 1725
135839 1725
135909 1725
135979 1725
136050 1696
136122 1674
136192 1670
136262 1670
136332 1667
136402 1645
136472 1619
136542 1600
136612 1570
136682 1548
136752 1538
136822 1538
136892 1538
136970 1545
137045 1490
137116 1470
137186 1464
137256 1464
137326 1458
137396 1458
137466 1454
137536 1448
137606 1422
137676 1396
137746 1370
137816 1345
137886 1332
137956 1332
138026 1325
138096 1322
138166 1319
138236 1316
138306 1303
138376 1277
138446 1248
138516 1222
138586 1200
138656 1196
138726 1193
138796 1190
138866 1183
138938 1164
139009 1141
139079 1138
139149 1132
139219 1125
139289 1119
139359 1106
139429 1077
139499 1048
139569 1022
139639 1016
139709 1009
139779 1006
139849 996
139920 980
140000 967
140072 945
140142 935
140212 932
140282 922
140352 916
140422 909
140492 900
140562 874
140632 845
140702 819
140772 812
140842 806
140912 800
140982 790
141052 783
141122 774
141192 767
141262 751
141332 722
141402 693
141472 683
141542 674
141612 667
141682 658
141752 651
141825 632
141896 616
141966 606
142036 600
142106 590
142176 580
142246 570
142316 554
142386 522
142456 503
142526 493
142596 487
142666 477
142736 467
142808 451
142879 435
142949 425
143019 416
143089 403
143159 393
143237 383
143309 367
143379 358
143449 345
143519 312
143589 300
143659 290
143729 280
143799 267
143869 258
143939 245
144009 232
144079 222
144149 209
144219 193
144289 174
144359 161
144429 151
144499 138
144569 125
144639 116
144711 100
144782 87
144852 74
144922 64
144992 48
145062 38
145132 22
145202 9
145272 9
145342 12
145412 22
145482 32
145552 41
145622 54
145693 67
145766 77
145836 90
145906 106
145976 119
146046 132
146116 145
146186 161
146256 177
146326 174
146396 187
146466 203
146536 216
146613 235
146686 245
146756 258
146826 274
146896 287
146966 303
147036 319
147106 332
147176 325
147246 338
147316 354
147386 370
147456 383
147526 400
147597 412
147669 419
147739 435
147809 451
147879 470
147949 487
148019 503
148089 519
148159 512
148229 512
148299 529
148369 545
148439 561
148509 580
148580 587
148652 596
148722 612
148792 632
148862 645
148932 667
149002 683
149072 703
149142 709
149212 703
149282 703
149352 719
149422 735
149492 754
149565 761
149636 770
149706 787
149776 806
149846 825
149923 854
149996 854
150066 877
150136 896
150206 916
150276 916
150346 916
150416 909
150488 935
150559 967
150629 967
150699 961
150769 974
150839 990
150909 1012
150979 1032
151049 1054
151119 1074
151189 1096
151259 1106
151329 1106
151399 1103
151470 1132
151542 1164
151612 1164
151682 1161
151752 1161
151822 1177
151892 1200
151962 1222
152032 1245
152102 1267
152172 1293
152242 1312
152312 1319
152382 1325
152455 1341
152526 1354
152596 1364
152666 1367
152736 1370
152806 1367
152876 1383
152946 1416
153023 1429
153096 1416
153166 1435
153236 1454
153306 1480
153378 1480
153449 1483
153519 1506
153589 1532
153659 1545
153729 1548
153799 1548
153869 1551
153939 1551
154009 1561
154079 1587
154149 1609
154219 1632
154289 1664
154360 1667
154432 1664
154502 1690
154572 1716
154642 1738
154712 1741
154782 1741
154852 1745
154922 1745
154992 1748
155062 1758
155132 1787
155202 1809
155272 1841
155345 1841
155416 1841
155486 1867
155556 1896
155626 1922
155696 1929
155766 1929
155836 1935
155906 1935
155971 1980
156042 1996
156112 2006
156182 2009
156252 2016
156322 2016
156392 2022
156462 2025
156532 2035
156602 2061
156672 2090
156742 2119
156812 2141
156882 2145
156952 2151
157022 2154
157092 2158
157162 2161
157233 2187
157306 2206
157376 2209
157446 2212
157516 2222
157586 2232
157656 2261
157726 2293
157796 2322
157866 2325
157936 2335
158006 2338
158076 2348
158146 2351
158217 2370
158289 2390
158359 2396
158429 2403
158499 2412
158569 2416
158639 2435
158709 2461
158779 2493
158849 2509
158919 2516
158997 2516
159069 2541
159139 2545
159210 2567
159282 2580
159352 2590
159422 2596
159492 2606
159562 2612
159632 2622
159702 2629
159772 2638
159842 2667
159912 2703
159982 2709
160052 2722
160122 2729
160192 2738
160262 2745
160332 2758
160402 2764
160472 2774
160542 2783
160612 2822
160682 2838
160752 2851
160822 2858
160892 2870
160962 2877
161032 2890
161103 2903
161176 2922
161246 2929
161316 2941
161386 2948
161456 2961
161526 2970
161596 2987
161666 3012
161736 3025
161806 3035
161876 3048
161946 3058
162023 3070
162098 3087
162169 3103
162239 3109
162309 3125
162379 3135
162449 3148
162519 3158
162589 3170
162659 3180
162729 3196
162799 3212
162869 3225
162939 3235
163009 3251
163079 3261
163149 3277
163219 3274
163289 3274
163359 3261
163429 3251
163499 3235
163569 3232
163639 3216
163709 3206
163779 3190
163849 3180
163919 3164
163991 3154
164062 3141
164132 3129
164202 3112
164272 3100
164342 3083
164412 3070
164482 3051
164552 3054
164622 3045
164692 3032
164762 3012
164832 3003
164902 2983
164970 2964
165042 2954
165112 2941
165182 2922
165252 2909
165322 2919
165392 2909
165462 2890
165532 2877
165602 2858
165672 2845
165742 2825
165812 2812
165882 2793
165955 2787
166026 2774
166096 2761
166166 2738
166236 2725
166306 2725
166376 2732
166446 2716
166516 2703
166586 2680
166656 2667
166726 2645
166796 2632
166866 2609
166936 2593
167006 2580
167076 2590
167146 2593
167216 2577
167286 2558
167356 2541
167426 2519
167496 2503
167566 2480
167636 2464
167706 2445
167776 2448
167847 2419
167919 2409
167997 2412
168069 2377
168139 2374
168209 2380
168279 2383
168349 2374
168419 2354
168489 2335
168559 2312
168629 2293
168699 2270
168769 2251
168841 2245
168912 2241
168982 2219
169052 2200
169122 2183
169192 2190
169262 2190
169332 2193
169402 2180
169472 2161
169542 2135
169612 2116
169682 2090
169752 2070
169822 2048
169892 2051
169962 2051
170032 2054
170102 2051
170172 2035
170242 2012
170312 1993
170382 1967
170452 1945
170522 1919
170592 1909
170662 1912
170735 1887
170806 1867
170876 1858
170946 1858
171023 1877
171096 1841
171166 1845
171236 1845
171306 1832
171376 1809
171446 1787
171516 1761
171586 1738
171656 1709
171727 1706
171799 1706
171869 1683
171939 1654
172009 1658
172079 1654
172149 1654
172219 1651
172289 1654
172359 1635
172429 1609
172499 1583
172569 1558
172639 1532
172709 1522
172779 1516
172849 1516
172919 1516
172989 1516
173059 1509
173129 1493
173199 1464
173269 1435
173339 1409
173409 1383
173479 1380
173549 1380
173621 1358
173692 1332
173762 1332
173832 1329
173902 1325
173968 1303
174039 1287
174109 1261
174179 1248
174249 1245
174319 1241
174389 1238
174459 1232
174529 1232
174601 1206
174672 1187
174742 1180
174812 1180
174882 1174
174952 1148
175022 1116
175092 1090
175162 1064
175232 1061
175302 1058
175372 1051
175442 1045
175512 1041
175630 1000
175750 1019
175822 996
175892 993
175962 987
176032 961
176102 929
176172 900
176242 890
176312 887
176382 877
176452 874
176522 864
176595 845
176666 825
176736 819
176806 812
176876 806
176946 800
177016 790
177086 758
177156 725
177233 716
177306 693
177376 687
177446 680
177518 661
177589 645
177659 635
177729 629
177799 622
177869 612
177939 603
178009 596
178079 587
178149 577
178219 551
178289 522
178359 509
178429 500
178502 487
178572 467
178642 458
178712 448
178782 441
178852 432
178922 422
178992 409
179062 400
179132 390
179202 380
179272 354
179342 332
179412 322
179482 312
179552 300
179622 290
179692 280
179762 267
179832 258
179902 245
179972 235
180042 206
180112 196
180182 183
180252 174
180322 161
180393 148
180473 135
180546 122
180616 109
180686 96
180756 87
180826 74
180896 61
180966 48
181036 35
181106 22
181176 9
181246 9
181316 12
181387 19
181459 32
181529 41
181599 54
181669 67
181739 80
181809 93
181879 106
181949 122
182019 135
182089 151
182159 151
182229 164
182299 177
182369 190
182439 206
182509 219
182579 235
182649 251
182719 267
182789 280
182859 293
182929 287
182999 303
183069 316
183139 332
183209 348
183280 358
183352 367
183422 383
183492 400
183562 412
183632 432
183702 448
183772 464
183842 480
183909 474
183979 490
184049 506
184119 525
184189 541
184260 551
184332 561
184402 577
184472 596
184542 612
184612 616
184682 612
184752 616
184822 632
184892 648
184962 667
185032 683
185102 703
185172 722
185243 732
185316 738
185386 754
185456 774
185526 793
185596 812
185666 806
185736 800
185806 803
185876 822
185946 841
186016 861
186086 880
186156 903
186226 922
186296 945
186366 948
186436 938
186506 935
186576 945
186646 964
186716 987
186786 1006
186856 1029
186926 1048
186996 1070
187066 1083
187145 1096
187216 1106
187286 1103
187356 1100
187426 1100
187496 1112
187566 1138
187636 1158
187706 1177
187776 1203
187846 1222
187916 1248
187986 1245
188056 1238
188128 1267
188199 1293
188269 1296
188339 1290
188409 1290
188479 1287
188549 1309
188619 1332
188689 1358
188759 1377
188829 1403
188899 1429
188969 1432
189039 1432
189109 1429
189179 1429
189249 1432
189319 1454
189389 1477
189459 1500
189529 1529
189599 1551
189669 1570
189739 1567
189809 1570
189879 1567
189949 1570
190021 1596
190100 1606
190172 1638
190242 1638
190312 1638
190382 1638
190452 1658
190522 1687
190592 1709
190662 1738
190732 1761
190802 1777
190872 1774
190942 1780
191015 1800
191086 1825
191156 1825
191226 1829
191296 1829
191366 1832
191436 1832
191506 1854
191576 1880
191646 1909
191716 1935
191786 1961
191856 1961
191926 1964
191996 1967
192066 1970
192136 1974
192206 1977
192276 2000
192346 2035
192416 2061
192486 2090
192556 2093
192626 2100
192696 2100
192766 2106
192836 2109
192908 2132
192979 2154
193049 2161
193127 2154
193199 2180
193269 2183
193339 2190
193409 2209
193479 2241
193549 2270
193619 2296
193689 2300
193759 2306
193829 2309
193901 2332
193972 2348
194042 2358
194112 2361
194182 2370
194252 2374
194322 2380
194392 2383
194462 2409
194532 2441
194602 2470
194672 2480
194742 2490
194812 2493
194882 2503
194952 2506
195022 2516
195092 2522
195162 2532
195232 2558
195302 2590
195372 2609
195442 2619
195512 2625
195582 2635
195652 2641
195722 2651
195795 2667
195866 2687
195936 2693
196006 2706
196076 2709
196153 2716
196226 2735
196296 2745
196366 2767
196436 2803
196506 2812
196576 2822
196646 2829
196716 2841
196787 2854
196859 2874
196929 2880
196999 2893
197069 2900
197139 2912
197209 2919
197279 2932
197349 2941
197419 2970
197489 2987
197559 3000
197629 3009
197699 3022
197769 3029
197839 3045
197909 3051
197979 3067
198049 3074
198119 3090
198189 3112
198259 3129
198329 3135
198399 3151
198469 3158
198539 3174
198609 3183
198681 3200
198752 3209
198822 3225
198892 3235
198962 3251
199032 3261
199110 3277
199182 3274
199252 3270
199322 3264
199392 3254
199462 3241
199532 3232
199602 3212
199675 3206
199746 3190
199816 3180
199886 3164
199956 3154
200026 3135
200096 3125
200166 3109
200236 3096
200306 3083
200376 3083
200446 3067
200516 3054
200586 3038
200656 3025
200726 3009
200796 2996
200866 2977
200936 2964
201006 2945
201076 2951
201146 2945
201216 2929
201286 2912
201356 2900
201426 2880
201496 2867
201568 2854
201639 2848
201709 2832
201779 2816
201849 2796
201919 2780
201989 2761
202059 2758
202137 2767
202209 2741
202279 2741
202349 2703
202419 2693
202489 2683
202560 2677
202632 2674
202702 2654
202772 2638
202842 2619
202912 2603
202982 2583
203052 2567
203122 2545
203192 2545
203262 2551
203332 2554
203402 2532
203472 2516
203542 2496
203612 2477
203682 2454
203752 2438
203822 2416
203892 2406
203962 2412
204032 2419
204102 2412
204172 2393
204242 2370
204312 2354
204382 2332
204453 2322
204526 2319
204596 2300
204666 2277
204736 2258
204806 2235
204876 2216
204946 2219
205016 2229
205086 2229
205163 2203
205236 2203
205306 2183
205376 2161
205447 2158
205519 2154
205589 2135
205659 2109
205729 2054
205799 2048
205869 2035
205939 2016
206009 2016
206079 2019
206149 2025
206219 2022
206289 2012
206359 1990
206429 1964
206499 1938
206569 1919
206639 1893
206709 1880
206779 1880
206849 1883
206919 1883
206989 1890
207059 1867
207129 1845
207199 1819
207269 1796
207340 1793
207412 1796
207482 1770
207552 1745
207622 1703
207692 1696
207762 1696
207832 1696
207902 1693
207972 1696
208042 1693
208143 1622
208223 1612
208306 1616
208383 1583
208463 1570
208543 1554
208623 1541
208703 1532
208783 1532
208863 1525
208943 1516
209023 1506
209103 1500
209183 1490
209263 1480
209343 1467
209426 1441
209503 1445
209583 1435
209663 1419
209743 1406
209823 1390
209903 1374
209983 1358
210063 1345
210143 1325
210223 1309
210303 1290
210385 1274
210463 1258
210546 1270
210623 1235
210703 1229
210783 1219
210863 1212
210943 1203
211023 1196
211103 1190
211183 1183
211263 1174
211343 1164
211423 1148
211503 1132
211593 1106
211675 1087
211755 1070
211835 1054
211915 1038
211995 1025
212075 1006
212155 993
212235 977
212315 961
212395 948
212475 935
212555 925
212635 912
212716 935
212795 900
212875 893
212955 883
213035 877
213115 874
213195 858
213275 845
213355 825
213435 812
213515 796
213595 780
213675 767
213755 751
213836 729
213915 722
213995 706
214075 693
214155 677
214235 664
214315 648
214395 635
214475 619
214555 606
214635 590
214715 577
214795 564
214875 548
214955 538
215035 532
215115 525
215195 519
215282 487
215361 474
215441 461
215521 448
215601 438
215681 435
215761 425
215841 422
215921 409
216002 390
216081 377
216161 364
216241 351
216321 335
216401 322
216481 306
216561 293
216641 280
216721 264
216801 251
216881 238
216961 225
217041 212
217122 196
217201 187
217281 174
217361 158
217441 145
217521 132
217601 119
217681 106
217761 93
217841 83
217921 70
218001 61
218081 48
218161 35
218241 22
218321 9
218401 6
218481 16
218561 22
218641 35
218721 45
218801 58
218881 70
218961 83
219041 96
219129 109
219208 122
219289 132
219368 148
219448 158
219528 170
219608 183
219688 196
219768 209
219848 219
219928 232
220008 245
220088 254
220168 267
220248 280
220328 290
220409 319
220488 312
220568 325
220648 338
220728 358
220808 377
220888 396
220968 416
221048 429
221128 438
221208 451
221288 464
221368 474
221448 487
221528 496
221608 512
221688 522
221768 532
221848 545
221928 558
222008 567
222088 577
222168 590
222248 600
222328 609
222408 622
222488 632
222569 654
222648 654
222728 667
222808 680
222896 693
222975 712
223055 722
223135 732
223215 745
223295 751
223375 767
223455 783
223535 806
223615 829
223696 858
223775 864
223855 887
223935 903
224015 916
224095 925
224175 935
224255 945
224335 958
224415 967
224495 980
224575 987
224655 1000
224735 1009
224815 1019
224895 1029
224975 1041
225055 1048
225135 1058
225215 1067
225295 1080
225375 1087
225455 1100
225535 1112
225615 1132
225695 1151
225775 1170
225856 1216
225935 1209
226015 1225
226095 1245
226175 1261
226255 1280
226335 1296
226422 1300
226501 1296
226581 1319
226661 1335
226741 1351
226821 1374
226901 1390
226982 1380
227061 1412
227141 1419
227221 1429
227301 1438
227381 1448
227461 1454
227541 1467
227621 1474
227701 1483
227781 1490
227861 1500
227941 1506
228021 1519
228101 1525
228181 1538
228261 1554
228341 1574
228421 1590
228501 1609
228581 1625
228661 1645
228741 1661
228821 1680
228901 1696
228981 1716
229061 1725
229142 1745
229221 1761
229301 1777
229381 1793
229461 1803
229541 1806
229621 1819
229701 1825
229781 1835
229869 1858
229948 1883
230028 1890
230108 1903
230188 1909
230269 1890
230348 1922
230428 1932
230508 1938
230588 1948
230668 1951
230748 1964
230828 1970
230908 1983
230988 2000
231068 2016
231148 2029
231228 2048
231308 2064
231388 2083
231468 2096
231548 2116
231628 2129
231708 2148
231788 2161
231868 2180
231948 2193
232028 2209
232108 2222
232188 2241
232268 2254
232348 2270
232429 2245
232508 2283
232588 2287
232668 2296
232748 2303
232828 2309
232908 2312
232988 2322
233068 2338
233148 2351
233228 2367
233315 2377
233393 2409
233473 2419
233556 2422
233633 2429
233713 2441
233793 2461
233873 2474
233953 2490
234033 2503
234113 2522
234193 2532
234273 2551
234353 2564
234433 2580
234513 2593
234593 2612
234673 2622
234755 2641
234833 2651
234913 2670
234993 2680
235075 2700
235155 2709
235233 2725
235313 2738
235393 2754
235473 2761
235553 2770
235635 2767
235716 2780
235793 2783
235873 2800
235955 2812
236033 2832
236113 2841
236193 2858
236273 2870
236353 2887
236433 2900
236515 2916
236593 2925
236682 2941
236761 2948
236842 2967
236921 2977
237001 2993
237080 3003
237161 3019
237240 3029
237320 3048
237400 3058
237527 3083
237661 3090
237740 3109
237820 3116
237900 3125
237982 3132
238060 3145
238140 3154
238220 3174
238300 3183
238380 3200
238460 3209
238540 3225
238620 3235
238701 3251
238780 3261
238860 3277
238940 3277
239020 3274
239101 3261
239180 3251
239260 3238
239340 3229
239420 3212
239500 3203
239580 3187
239660 3180
239740 3164
239820 3154
239900 3138
239980 3132
240062 3103
240140 3096
240229 3090
240308 3080
240388 3064
240468 3058
240548 3041
240628 3016
240708 2993
240788 2987
240868 2970
240948 2961
241028 2948
241108 2935
241191 2932
241271 2925
241351 2909
241431 2903
241511 2887
241591 2877
241671 2864
241751 2854
241831 2841
241911 2829
241991 2803
242071 2783
242151 2761
242231 2748
242311 2732
242391 2722
242471 2709
242551 2700
242631 2687
242711 2677
242791 2664
242871 2654
242951 2641
243031 2632
243111 2619
243191 2609
243271 2596
243352 2600
243431 2574
243511 2564
243591 2554
243679 2535
243758 2516
243838 2509
243918 2493
243998 2487
244078 2474
244158 2464
244238 2454
244318 2445
244398 2432
244479 2393
244558 2409
244638 2390
244718 2370
244798 2351
244878 2329
244958 2312
245038 2293
245118 2277
245198 2254
245278 2245
245358 2235
245438 2222
245518 2212
245598 2203
245678 2190
245758 2183
245838 2170
245918 2164
245998 2151
246078 2145
246158 2132
246238 2125
246318 2116
246398 2106
246478 2093
246558 2087
246639 2051
246718 2067
246798 2045
246878 2029
246958 2009
247046 2009
247125 1996
247205 1990
247285 1970
247365 1954
247445 1935
247525 1922
247605 1900
247685 1880
247766 1835
247845 1848
247925 1825
248005 1812
248085 1793
248165 1774
248245 1758
248325 1751
248405 1741
248485 1735
248565 1725
248645 1716
248725 1706
248805 1700
248885 1690
248965 1683
249045 1674
249125 1664
249205 1654
249285 1648
249365 1638
249445 1622
249525 1609
249605 1590
249685 1570
249765 1554
249845 1535
249926 1496
250005 1500
250085 1487
250165 1470
250245 1451
250325 1432
250405 1419
250492 1412
250571 1412
250651 1393
250731 1377
250811 1361
250891 1345
250971 1325
251052 1325
251131 1293
251211 1280
251291 1274
251371 1267
251451 1258
251531 1251
251611 1241
251691 1235
251771 1229
251851 1219
251931 1216
252011 1209
252091 1196
252171 1180
252251 1161
252331 1148
252411 1129
252491 1112
252571 1096
252651 1080
252731 1064
252811 1048
252891 1032
252971 1019
253051 1000
253131 987
253212 961
253291 954
253371 941
253451 925
253531 909
253611 896
253691 887
253771 883
253851 874
253927 867
254008 845
254088 832
254168 816
254248 803
254329 800
254408 770
254488 758
254568 748
254648 741
254728 735
254808 729
254888 722
254968 719
255048 709
255128 693
255208 680
255288 664
255368 648
255449 622
255528 619
255608 603
255688 590
255768 574
255848 561
255928 545
256008 532
256088 519
256168 503
256248 490
256328 477
256408 461
256488 448
256568 435
256648 419
256728 406
256808 393
256888 377
256968 374
257048 367
257128 364
257208 351
257288 338
257368 322
257448 309
257528 293
257609 277
257696 270
257775 258
257855 245
257935 232
258015 216
258095 203
258175 190
258255 177
258335 161
258415 148
258495 135
258575 122
258655 109
258736 93
258815 83
258895 70
258975 58
259055 45
259135 32
259215 22
259295 6
259375 6
259455 12
259535 22
259615 32
259695 41
259775 54
259855 67
259935 87
260015 100
260095 112
260175 125
260255 138
260335 151
260415 164
260495 177
260575 190
260655 200
260735 212
260815 225
260896 235
260975 248
261055 261
261135 274
261215 287
261295 296
261375 309
261455 319
261542 338
261621 351
261701 364
261780 377
261860 387
261940 400
262022 406
262100 422
262180 435
262260 448
262340 458
262420 467
262500 480
262580 493
262660 503
262740 522
262820 541
262900 561
262980 583
263060 603
263140 616
263220 629
263300 638
263380 648
263460 661
263540 670
263620 683
263700 693
263780 703
263860 719
263940 729
264020 738
264100 748
264182 748
264260 770
264340 780
264420 790
264500 800
264580 809
264660 822
264740 832
264820 848
264900 861
264980 880
265060 903
265140 922
265220 941
265310 1006
265390 1000
265470 1003
265550 1006
265630 1016
265710 1022
265790 1032
265870 1041
265950 1054
266030 1064
266110 1070
266190 1080
266270 1090
266350 1100
266432 1106
266510 1119
266590 1129
266670 1138
266750 1158
266830 1177
266910 1193
266990 1212
267070 1235
267150 1251
267230 1270
267310 1287
267390 1309
267470 1325
267550 1345
267630 1351
267710 1364
267790 1370
267870 1380
267950 1390
268030 1400
268110 1406
268190 1416
268270 1425
268350 1435
268430 1441
268510 1448
268592 1458
268667 1522
268748 1516
268828 1525
268908 1532
268988 1545
269068 1551
269148 1561
269228 1567
269308 1574
269388 1583
269468 1590
269548 1600
269628 1619
269709 1661
269788 1658
269868 1674
269948 1693
270028 1706
270108 1725
270188 1741
270268 1761
270348 1777
270428 1796
270508 1809
270588 1829
270668 1845
270748 1864
270829 1838
270908 1877
270988 1883
271068 1893
271148 1900
271228 1906
271308 1916
271388 1922
271468 1925
271548 1935
271628 1941
271708 1951
271788 1967
271868 1987
271948 2003
272028 2019
272116 2022
272195 2035
272275 2045
272355 2061
272435 2077
272515 2096
272595 2109
272675 2129
272755 2145
272835 2161
272915 2177
272996 2212
273075 2209
273155 2225
273235 2241
273315 2258
273395 2274
273475 2290
273555 2303
273635 2322
273715 2335
273795 2345
273875 2351
273955 2358
274035 2361
274116 2351
274195 2374
274275 2380
274355 2387
274435 2400
274515 2412
274595 2432
274675 2445
274755 2464
274835 2477
274915 2496
274995 2509
275075 2525
275155 2538
275235 2554
275315 2567
275395 2587
275475 2600
275562 2612
275641 2616
275721 2632
275801 2645
275881 2661
275961 2674
276041 2693
276121 2706
276201 2719
276282 2741
276361 2751
276441 2761
276521 2780
276601 2790
276681 2806
276761 2816
276841 2822
276921 2825
277001 2832
277081 2835
277161 2851
277241 2864
277321 2880
277402 2900
277481 2909
277561 2922
277641 2938
277721 2951
277801 2967
277881 2977
277961 2996
278041 3006
278121 3022
278201 3032
278281 3048
278361 3061
278441 3077
278521 3087
278601 3103
278681 3112
278761 3129
278841 3138
278917 3151
278998 3161
279078 3177
279158 3187
279238 3203
279318 3212
279398 3229
279478 3238
279559 3254
279638 3264
279718 3280
279798 3277
279878 3274
279958 3261
280038 3248
280118 3232
280198 3222
280278 3209
280358 3196
280438 3183
280518 3174
280598 3158
280679 3148
280758 3132
280838 3122
280918 3106
280998 3096
281078 3080
281158 3070
281238 3058
281318 3048
281398 3032
281478 3025
281558 3009
281638 3000
281718 2983
281799 2974
281878 2961
281958 2954
282038 2941
282118 2929
282198 2909
282278 2893
282366 2890
282445 2877
282525 2864
282605 2854
282685 2841
282765 2822
282846 2783
282925 2783
283005 2754
283085 2745
283165 2729
283245 2719
283325 2706
283405 2696
283485 2683
283565 2674
283645 2661
283725 2651
283805 2638
283885 2629
283966 2625
284045 2609
284125 2593
284205 2587
284285 2574
284365 2564
284445 2551
284525 2545
284605 2532
284685 2522
284765 2509
284845 2503
284925 2477
285005 2458
285086 2412
285165 2419
285245 2396
285325 2380
285405 2361
285485 2345
285565 2332
285645 2325
285725 2312
285812 2296
285891 2290
285971 2270
286051 2251
286132 2261
286211 2232
286291 2222
286371 2209
286451 2203
286531 2190
286611 2180
286691 2170
286771 2164
286851 2151
286931 2145
287011 2132
287091 2125
287171 2112
287252 2112
287331 2096
287411 2090
287491 2077
287571 2064
287651 2045
287731 2025
287811 2003
287891 1987
287971 1964
288051 1951
288131 1929
288211 1912
288291 1890
288372 1893
288451 1858
288531 1851
288611 1841
288691 1832
288771 1825
288851 1819
288931 1806
289011 1800
289091 1790
289167 1767
289247 1738
289327 1722
289407 1703
289487 1693
289567 1683
289647 1677
289727 1667
289807 1661
289887 1651
289967 1645
290048 1638
290127 1629
290207 1619
290287 1612
290367 1603
290447 1596
290529 1567
290607 1577
290687 1554
290767 1541
290847 1519
290927 1503
291007 1483
291087 1467
291167 1448
291247 1435
291327 1416
291408 1400
291487 1383
291567 1367
291649 1354
291727 1332
291807 1316
291887 1306
291968 1303
292047 1293
292127 1287
292207 1280
292287 1274
292368 1267
292447 1258
292527 1251
292615 1222
292693 1193
292776 1219
292853 1183
292933 1177
293013 1170
293093 1161
293173 1154
293255 1145
293333 1129
293415 1109
293495 1096
293573 1080
293653 1064
293735 1045
293813 1032
293895 1012
293973 1000
294053 983
294135 967
294215 951
294293 935
294373 919
294455 906
294535 890
294613 877
294693 861
294773 845
294853 829
294936 867
295013 819
295093 812
295173 809
295253 803
295333 800
295413 790
295493 774
295573 761
295653 745
295733 729
295813 712
295893 700
295973 683
296056 658
296133 654
296222 641
296301 635
296381 619
296461 603
296541 590
296621 577
296701 561
296781 545
296861 532
296941 519
297021 503
297101 490
297181 474
297261 461
297341 448
297421 432
297501 419
297581 406
297661 393
297741 377
297821 374
297901 367
297981 367
298061 351
298141 338
298222 319
298301 309
298381 296
298461 280
298541 267
298621 254
298701 238
298781 225
298861 212
298941 200
299021 183
299101 170
299181 158
299261 145
299342 132
299421 119
299501 106
299581 93
299661 80
299741 67
299821 54
299901 41
299989 29
300068 19
