# data format:
# time voltage
# (msecs) (mvolts)
351 2422
525 2441
698 2516
871 2525
1045 2445
1218 2438
1393 2509
1568 2461
1741 2422
1915 2445
2088 2503
2261 2425
2435 2535
2608 2454
2781 2509
2955 2419
3128 2422
3301 2612
3475 2470
3648 2435
3822 2422
3995 2425
4168 2606
4341 2425
4515 2425
4688 2425
4861 2461
5035 2538
5208 2425
5381 2432
5555 2438
5728 2425
5901 2580
6075 2429
6249 2445
6421 2422
6595 2425
6768 2545
6941 2461
7115 2432
7288 2429
7461 2506
7635 2438
7808 2432
7981 2425
8155 2432
8328 2577
8509 2432
8683 2432
8858 2425
9031 2577
9205 2454
9378 2425
9551 2425
9725 2454
9898 2577
10071 2438
10245 2441
10418 2458
10591 2503
10765 2541
10938 2441
11113 2516
11288 2425
11462 2548
11635 2448
11808 2445
11982 2422
12155 2432
12328 2538
12501 2432
12675 2425
12848 2451
13022 2503
13195 2538
13368 2425
13543 2448
13718 2425
13891 2567
14065 2429
14238 2438
14411 2425
14585 2429
14758 2548
14931 2441
15105 2441
15278 2438
15451 2503
15625 2545
15798 2422
15973 2512
16148 2425
16321 2529
16495 2448
16668 2422
16849 2509
17021 2522
17195 2429
17368 2435
17541 2454
17715 2429
17888 2596
18061 2438
18235 2509
18408 2445
18581 2448
18755 2580
18928 2422
19101 2425
19275 2438
19448 2516
19621 2548
19795 2425
19968 2441
20141 2429
20315 2425
20488 2545
20661 2458
20835 2412
21008 2429
21181 2425
21355 2561
21528 2425
21701 2429
21875 2509
22048 2529
22221 2429
22395 2458
22568 2425
22741 2429
22915 2596
23088 2454
23261 2435
23435 2425
23608 2438
23781 2509
23955 2419
24128 2429
24301 2451
24475 2422
24648 2606
24829 2416
25001 2425
25175 2438
25348 2545
25523 2425
25698 2422
25871 2509
26045 2532
26218 2435
26391 2470
26565 2419
26738 2425
26911 2616
27085 2503
27258 2429
27431 2435
27606 2503
27779 2558
27953 2435
28129 2419
28301 2441
28475 2474
28648 2429
28821 2425
28995 2422
29168 2438
29342 2616
29515 2429
29688 2429
29862 2516
30035 2425
