# data format:
# time voltage
# (msecs) (mvolts)
303 1316
478 1312
651 1309
825 1309
998 1364
1171 1306
1345 1306
1518 1309
1691 1306
1865 1406
2038 1309
2211 1309
2385 1306
2558 1306
2731 1322
2905 1309
3078 1309
3251 1312
3425 1312
3598 1412
3771 1316
3945 1319
4118 1319
4291 1380
4465 1325
4638 1319
4811 1303
4985 1303
5158 1309
5331 1335
5505 1309
5678 1309
5851 1316
6025 1316
6198 1377
6371 1335
6545 1309
6718 1309
6891 1306
7065 1377
7238 1312
7411 1316
7585 1316
7758 1322
7931 1364
8105 1303
8278 1309
8459 1322
8631 1419
8805 1309
8978 1306
9151 1309
9325 1309
9498 1396
9671 1319
9847 1303
10021 1309
10195 1354
10368 1316
10541 1319
10715 1377
10888 1303
11061 1341
11235 1312
11408 1309
11581 1316
11755 1377
11928 1393
12101 1306
12277 1309
12451 1316
12625 1351
12798 1316
12971 1306
13145 1309
13318 1300
13491 1370
13665 1312
13838 1380
14011 1303
14185 1306
14358 1406
14531 1306
14707 1322
14881 1306
15055 1309
15228 1329
15401 1319
15575 1319
15748 1303
15921 1312
16095 1374
16268 1312
16441 1319
16615 1383
16796 1429
16968 1319
17143 1303
17318 1309
17491 1335
17665 1335
17838 1377
18011 1303
18185 1309
18358 1345
18531 1316
18705 1319
18878 1319
19051 1306
19225 1387
19398 1312
19573 1393
19748 1306
19921 1341
20095 1309
20268 1319
20441 1422
20615 1306
20788 1370
20961 1312
21135 1316
21308 1309
21481 1303
21655 1400
21828 1309
22003 1312
22178 1309
22351 1309
22525 1364
22698 1312
22871 1319
23045 1319
23218 1309
23391 1374
23565 1312
23738 1322
23911 1377
24085 1332
24258 1303
24433 1316
24608 1387
24789 1351
24961 1322
25135 1383
25308 1312
25481 1309
25655 1332
25828 1435
26001 1377
26175 1309
26348 1309
26521 1380
26695 1322
26870 1312
27045 1309
27218 1348
27391 1322
27565 1309
27738 1309
27911 1309
28085 1380
28258 1322
28431 1309
28605 1309
28778 1309
28951 1412
29125 1319
29300 1303
29475 1309
29648 1319
29821 1377
29995 1309
30168 1306
