# data format:
# time voltage
# (msecs) (mvolts)
312 870
488 893
661 890
835 938
1008 893
1181 890
1357 893
1531 900
1705 900
1878 896
2051 896
2225 958
2398 951
2571 883
2745 883
2918 890
3091 890
3265 919
3438 893
3611 893
3786 896
3958 970
4131 935
4305 883
4478 890
4651 890
4825 893
4998 951
5171 900
5345 909
5518 890
5691 890
5865 967
6038 893
6212 961
6385 970
6558 890
6731 941
6905 893
7078 896
7251 958
7425 964
7598 951
7771 893
7945 890
8118 896
8291 903
8465 922
8639 890
8811 890
8985 896
9158 929
9328 964
9501 970
9675 890
9848 890
10021 890
10195 941
10368 961
10541 887
10715 890
10888 893
11063 961
11238 890
11411 890
11585 896
11758 935
11931 970
12105 890
12278 890
12451 900
12625 938
12798 883
12971 890
13145 893
13318 896
13493 912
13668 893
13841 896
14015 896
14188 948
14361 893
14535 893
14708 903
14881 970
15055 900
15228 893
15401 896
15575 1022
15748 883
15923 941
16099 964
16271 890
16445 893
16618 919
16791 896
16965 964
17138 893
17311 890
17485 941
17658 996
17831 883
18005 893
18178 896
18361 893
18535 900
18708 890
18881 890
19055 919
19228 900
19401 890
19575 890
19748 893
19921 951
20095 961
20268 890
20441 890
20615 896
20790 893
20965 890
21138 896
21311 964
21485 922
21658 893
21831 896
22005 967
22178 883
22351 903
22525 896
22698 964
22871 890
23045 893
23220 896
23395 887
23568 890
23741 896
23915 912
24088 887
24261 893
24435 896
24608 970
24781 941
24955 890
25128 896
25301 961
25475 887
25650 941
25825 964
25998 883
26171 890
26345 941
26518 958
26691 883
26865 893
27038 900
27219 893
27391 896
27565 954
27738 887
27911 958
28085 896
28258 974
28431 890
28605 890
28778 938
28951 887
29125 890
29298 893
29471 896
29645 938
29818 893
29991 896
30165 896
