# data format:
# time voltage
# (msecs) (mvolts)
312 541
507 548
698 609
871 558
1047 616
1221 538
1395 538
1568 538
1741 577
1915 548
2088 545
2261 545
2435 545
2608 574
2781 551
2955 548
3128 548
3301 609
3475 558
3648 545
3821 548
3995 548
4168 538
4341 574
4515 548
4688 616
4861 541
5035 558
5208 545
5382 548
5555 548
5728 548
5901 564
6075 541
6248 548
6421 548
6595 548
6768 580
6941 616
7115 541
7288 548
7461 545
7635 577
7809 548
7981 551
8155 541
8328 548
8501 577
8675 548
8848 554
9021 545
9195 545
9365 590
9538 548
9711 554
9885 548
10058 1000
10233 577
10408 551
10581 545
10755 541
10928 548
11101 561
11275 551
11448 609
11621 541
11795 545
11968 583
12141 551
12315 616
12488 541
12663 558
12838 548
13011 541
13185 548
13358 545
13531 587
13705 616
13878 541
14051 545
14225 548
14398 616
14571 551
14745 548
14918 545
15093 567
15268 541
15441 545
15615 548
15788 680
15961 561
16135 548
16308 548
16481 548
16655 541
16828 577
17001 548
17175 551
17348 545
17523 545
17698 554
17871 616
18045 541
18218 548
18399 541
18571 548
18745 548
18918 548
19091 574
19265 548
19438 548
19611 548
19785 541
19960 577
20135 548
20308 548
20481 548
20655 548
20828 574
21001 616
21175 548
21348 548
21521 551
21695 558
21868 548
22041 548
22215 548
22390 564
22565 548
22738 551
22911 548
23085 548
23259 554
23431 551
23605 545
23778 548
23951 548
24125 574
24298 616
24471 545
24645 548
24820 574
24995 548
25168 548
25341 548
25515 545
25688 577
25861 548
26035 606
26208 541
26381 545
26555 583
26728 603
26901 541
27075 548
27258 545
27431 548
27605 667
27778 548
27951 574
28126 551
28298 616
28471 545
28645 548
28818 593
28991 551
29165 548
29338 548
29511 600
29685 570
29858 548
30031 548
